1 0.379844 0.817969 0.225674 0.226395
1 0.213851 0.675642 0.21529 0.216721
1 0.17502 0.45465 0.225144 0.216996
1 0.699099 0.238294 0.230579 0.224659
1 0.663148 0.798065 0.214825 0.216285
1 0.198324 0.924749 0.203428 0.150503
1 0.800157 0.945625 0.213696 0.10875
1 0.925203 0.151627 0.14582 0.209666
1 0.837769 0.491468 0.243186 0.230295
1 0.916111 0.604753 0.163971 0.226079
1 0.0676026 0.277167 0.135205 0.232611
2 0.327523 0.309042 0.0769052 0.0869788
0 0.503534 0.499184 0.372499 0.414363
1 0.0471814 0.958638 0.0943628 0.0825177
1 0.55972 0.0311054 0.217176 0.0622108
1 0.0311703 0.63327 0.0623406 0.227297
1 0.978699 0.368369 0.03749 0.226336
