1 0.892712 0.281598 0.214338 0.25014
1 0.114726 0.774837 0.222584 0.300117
1 0.905896 0.0727719 0.188208 0.145544
1 0.674117 0.242802 0.256658 0.270284
1 0.56034 0.0766557 0.255679 0.152994
1 0.122288 0.376642 0.244576 0.212228
1 0.348 0.864287 0.274345 0.271392
1 0.92523 0.924354 0.14954 0.15126
1 0.878419 0.84708 0.235948 0.206845
1 0.771784 0.686945 0.206308 0.231976
1 0.872916 0.556311 0.206265 0.240725
0 0.504094 0.469718 0.444159 0.443362
1 0.0540437 0.625207 0.108087 0.187312
1 0.176615 0.0326875 0.189451 0.0653106
1 0.0703862 0.0452354 0.140591 0.0904708
1 0.983075 0.632442 0.0338508 0.262561
1 0.973007 0.186494 0.0539553 0.224509
1 0.139647 0.042704 0.279295 0.0854079
