1 0.198818 0.489295 0.211861 0.219561
1 0.382096 0.187677 0.202518 0.200951
1 0.750512 0.62979 0.217554 0.263415
1 0.0804777 0.646005 0.160117 0.249866
1 0.699678 0.89495 0.238153 0.2101
1 0.197455 0.82679 0.219143 0.21651
1 0.411912 0.775317 0.224268 0.212979
1 0.170218 0.262945 0.203161 0.215667
1 0.607165 0.179984 0.203642 0.217982
1 0.14201 0.0685172 0.197792 0.137034
1 0.836319 0.259482 0.222373 0.238952
2 0.051245 0.182356 0.074896 0.0735097
1 0.913499 0.0729573 0.170587 0.145915
1 0.920807 0.483304 0.15539 0.252687
0 0.50021 0.504018 0.369368 0.366255
1 0.211324 0.976226 0.220784 0.0474888
1 0.0328654 0.405659 0.0649379 0.213604
1 0.51574 0.97395 0.229755 0.0520992
1 0.318185 0.0214066 0.203677 0.0428132
1 0.0205833 0.878881 0.0411667 0.212704
