1 0.301167 0.880621 0.17816 0.204611
1 0.144474 0.673498 0.173931 0.226114
1 0.189031 0.209163 0.160072 0.217835
1 0.415608 0.720396 0.159388 0.197895
1 0.590258 0.0698264 0.179388 0.139653
1 0.511798 0.877717 0.160221 0.224414
1 0.159004 0.0569934 0.165619 0.113784
1 0.278844 0.568473 0.163805 0.216114
1 0.770127 0.624602 0.178693 0.220399
1 0.0531643 0.823002 0.106113 0.191113
1 0.0733258 0.359472 0.146652 0.230838
1 0.585757 0.657761 0.163729 0.21832
1 0.934435 0.792349 0.130981 0.215802
1 0.731924 0.393903 0.16563 0.231259
1 0.751991 0.145735 0.163684 0.215638
1 0.741152 0.90292 0.167824 0.192353
2 0.865329 0.393591 0.113441 0.143461
1 0.335184 0.0365574 0.178661 0.0731149
0 0.434258 0.307018 0.356021 0.480413
2 0.840951 0.0417754 0.0758976 0.0832267
1 0.0741245 0.963014 0.148149 0.0738052
1 0.634238 0.762728 0.129282 0.168347
1 0.396129 0.978268 0.162279 0.0434639
1 0.436929 0.586015 0.151968 0.113965
1 0.963017 0.549641 0.0739654 0.247529
1 0.792417 0.94296 0.159523 0.114016
1 0.971378 0.893586 0.0572448 0.181749
1 0.675724 0.188431 0.119631 0.180957
