1 0.782548 0.754448 0.216918 0.213499
1 0.160403 0.495789 0.200148 0.232397
1 0.214162 0.913646 0.204578 0.172597
1 0.238262 0.0893182 0.218057 0.178636
1 0.16618 0.259888 0.187407 0.176055
1 0.673852 0.200834 0.200925 0.202175
1 0.0538657 0.153757 0.107731 0.209293
1 0.876221 0.0787866 0.247246 0.157555
1 0.198823 0.725329 0.205954 0.205646
1 0.0510853 0.657242 0.102171 0.222615
1 0.936708 0.283356 0.123623 0.224708
1 0.591381 0.829998 0.208875 0.228444
1 0.83477 0.933438 0.207673 0.133124
1 0.0544763 0.364671 0.108953 0.222227
1 0.954694 0.697654 0.0876584 0.212692
1 0.364391 0.269503 0.192516 0.210121
0 0.843664 0.526651 0.260447 0.263056
1 0.0433026 0.87727 0.0861157 0.218319
1 0.376948 0.827049 0.186427 0.20331
1 0.96773 0.897946 0.0612874 0.200496
0 0.5028 0.465436 0.478706 0.570271
1 0.363065 0.982849 0.225401 0.0343018
1 0.773572 0.980124 0.208114 0.0397522
1 0.527887 0.901642 0.17819 0.178973
1 0.377628 0.0159059 0.194842 0.0318118
