1 0.917733 0.6121 0.164534 0.184631
1 0.0798964 0.958646 0.15957 0.082708
1 0.282968 0.865018 0.219046 0.183798
1 0.118775 0.417871 0.212219 0.185614
1 0.844247 0.853497 0.240632 0.18002
1 0.333161 0.380877 0.213579 0.221452
1 0.511685 0.865916 0.222196 0.191479
1 0.938044 0.342466 0.123912 0.179854
1 0.116332 0.739432 0.217111 0.181426
1 0.781849 0.701697 0.228327 0.155908
1 0.108178 0.0632954 0.215953 0.113948
1 0.665498 0.55342 0.2334 0.180184
1 0.391408 0.120145 0.245047 0.169879
1 0.627603 0.96881 0.219713 0.0623795
1 0.045868 0.28123 0.091736 0.147239
1 0.876034 0.968443 0.247698 0.0631138
1 0.513961 0.739302 0.269522 0.182137
1 0.0518778 0.796299 0.103731 0.174223
0 0.627048 0.258414 0.5304 0.43032
1 0.894204 0.137273 0.211592 0.250902
2 0.988592 0.517983 0.0227475 0.0628719
1 0.986681 0.773816 0.0266386 0.168271
1 0.333826 0.027143 0.200615 0.0447942
1 0.812658 0.0284367 0.21564 0.0441429
