1 0.302002 0.653844 0.228179 0.24009
1 0.214311 0.422361 0.232686 0.254691
1 0.104658 0.23669 0.208586 0.225581
1 0.515678 0.904456 0.250278 0.191089
1 0.789404 0.904586 0.246729 0.190828
1 0.530641 0.224103 0.21913 0.213665
1 0.745238 0.375048 0.235662 0.244331
1 0.311041 0.132953 0.241907 0.229306
1 0.0744116 0.839539 0.148224 0.224794
1 0.904363 0.850849 0.187867 0.220628
1 0.0460619 0.620992 0.0921239 0.21597
0 0.498312 0.500873 0.303326 0.265754
1 0.874916 0.314277 0.229324 0.224517
1 0.158001 0.0278919 0.279317 0.0556959
1 0.614112 0.0232531 0.2467 0.0464101
1 0.943674 0.979241 0.109017 0.0415185
1 0.977607 0.473522 0.0396183 0.236948
