1 0.0972665 0.823936 0.189186 0.200143
1 0.0966845 0.0843926 0.149756 0.168321
1 0.081181 0.27956 0.162362 0.205122
1 0.484575 0.218722 0.16404 0.245655
1 0.515873 0.950143 0.177432 0.0997136
1 0.810587 0.941267 0.19179 0.117467
1 0.152193 0.465778 0.179125 0.209184
1 0.146035 0.628673 0.204435 0.276721
2 0.748524 0.769036 0.069455 0.0984062
1 0.446832 0.783132 0.172081 0.24431
1 0.398301 0.580445 0.192939 0.17781
1 0.646356 0.754412 0.150393 0.284565
1 0.39881 0.0664436 0.162868 0.132887
1 0.0344165 0.939758 0.0687642 0.120485
0 0.576891 0.48321 0.219544 0.406545
1 0.346481 0.782632 0.182218 0.235044
1 0.909386 0.0886617 0.179303 0.177318
1 0.348775 0.340798 0.183862 0.23422
1 0.961172 0.791201 0.0775839 0.220957
1 0.827419 0.027595 0.153559 0.055156
1 0.664773 0.131435 0.150912 0.184116
1 0.651842 0.0561204 0.192211 0.112241
1 0.267064 0.116755 0.175113 0.223637
1 0.91627 0.503457 0.166705 0.299752
1 0.690489 0.973774 0.173582 0.0523811
1 0.75114 0.245803 0.154127 0.232268
1 0.939435 0.251843 0.121129 0.223825
1 0.207514 0.188896 0.127961 0.281163
1 0.513672 0.0264564 0.106084 0.0529118
1 0.765215 0.570799 0.164382 0.267239
1 0.980341 0.259101 0.0393177 0.224878
1 0.275037 0.482081 0.104 0.250087
