1 0.129946 0.338272 0.179959 0.23726
1 0.0844892 0.0883066 0.168978 0.176613
1 0.0870919 0.597596 0.174184 0.234725
1 0.324586 0.313797 0.16566 0.200891
1 0.0452522 0.90397 0.0905043 0.19206
1 0.91791 0.315697 0.164179 0.200864
1 0.485291 0.413441 0.155814 0.263704
1 0.675818 0.935977 0.178003 0.128046
1 0.519519 0.889931 0.153867 0.210518
1 0.737514 0.77601 0.163264 0.187622
1 0.921215 0.544479 0.15739 0.217781
1 0.213306 0.824861 0.198152 0.233238
1 0.286809 0.520642 0.173958 0.190973
1 0.612287 0.63108 0.18996 0.212882
1 0.955724 0.723092 0.088552 0.203874
1 0.877812 0.0632093 0.20361 0.126248
1 0.845201 0.913516 0.150119 0.172969
0 0.393283 0.134506 0.355749 0.269012
1 0.415107 0.674155 0.176273 0.219217
1 0.241263 0.975251 0.178334 0.0494986
1 0.0113119 0.218297 0.0225058 0.208514
1 0.63257 0.0113591 0.154781 0.0227182
1 0.904057 0.201518 0.19066 0.139058
1 0.339066 0.716823 0.115631 0.219026
