1 0.319465 0.889264 0.252105 0.206593
1 0.103574 0.909326 0.206591 0.181348
1 0.480424 0.127649 0.243621 0.21518
1 0.175902 0.469437 0.251035 0.1952
1 0.943031 0.353897 0.113937 0.257773
1 0.0633006 0.6461 0.126467 0.210998
1 0.932706 0.647731 0.134589 0.220295
1 0.737554 0.313626 0.241186 0.222813
1 0.899169 0.0550689 0.201074 0.110138
1 0.349501 0.293107 0.249493 0.219515
0 0.527684 0.509545 0.344549 0.374989
1 0.355283 0.686424 0.218948 0.198015
1 0.432087 0.971919 0.252906 0.0561264
1 0.663779 0.971122 0.236727 0.0576799
1 0.977302 0.10516 0.0453952 0.209381
