1 0.104667 0.39604 0.207691 0.203248
1 0.170206 0.155559 0.245082 0.226867
1 0.106666 0.88119 0.208591 0.212464
1 0.374502 0.254754 0.25178 0.224485
1 0.836612 0.54119 0.19786 0.200994
1 0.791536 0.405429 0.230538 0.207373
1 0.515115 0.085782 0.257758 0.17129
1 0.097876 0.63308 0.194216 0.243889
1 0.237841 0.655972 0.225741 0.231936
1 0.550428 0.922067 0.254523 0.155866
1 0.821128 0.181201 0.201653 0.228745
1 0.948183 0.345072 0.100425 0.222685
1 0.779107 0.0702299 0.225198 0.14046
1 0.465399 0.770348 0.217577 0.19531
2 0.325654 0.0677442 0.0982856 0.0974337
1 0.95038 0.11216 0.0951336 0.22432
1 0.962057 0.876092 0.0723451 0.22524
0 0.50529 0.504381 0.351361 0.348089
2 0.923121 0.710765 0.113035 0.106217
1 0.823423 0.979874 0.223388 0.0402527
1 0.0183904 0.177329 0.0367808 0.209131
1 0.0767908 0.986238 0.153582 0.0275248
