1 0.164818 0.916612 0.19001 0.166776
1 0.347477 0.36679 0.188838 0.169087
1 0.705153 0.790545 0.194961 0.213815
1 0.634166 0.533316 0.180863 0.222491
1 0.925094 0.0446802 0.14979 0.0893604
1 0.85627 0.945221 0.152789 0.109558
1 0.86737 0.773298 0.163134 0.184238
1 0.918609 0.212507 0.162588 0.217713
1 0.89739 0.429908 0.154962 0.191936
1 0.817586 0.648162 0.182663 0.195765
1 0.580454 0.296238 0.132263 0.225055
1 0.208997 0.0290209 0.149192 0.0580418
0 0.355292 0.689747 0.322811 0.453925
1 0.0316325 0.908282 0.063265 0.179482
1 0.0427858 0.12117 0.0855717 0.207751
2 0.0738703 0.69361 0.0781195 0.0920387
1 0.133912 0.656942 0.153022 0.201145
1 0.0869857 0.3085 0.173824 0.249267
1 0.972307 0.612525 0.0553862 0.178967
1 0.399818 0.068011 0.200477 0.136022
1 0.196853 0.473469 0.167482 0.188907
1 0.714085 0.302806 0.149324 0.220779
1 0.515094 0.0536037 0.177038 0.107207
1 0.434985 0.980306 0.181848 0.0393206
1 0.654571 0.119073 0.154196 0.213584
1 0.982029 0.461047 0.0359411 0.192837
2 0.430619 0.237849 0.080343 0.0862853
2 0.986212 0.219909 0.027503 0.0644736
1 0.472541 0.272911 0.132235 0.278156
1 0.0163508 0.532509 0.032637 0.180462
1 0.839572 0.189976 0.146357 0.162983
1 0.775838 0.0145556 0.208642 0.0290223
1 0.825351 0.552229 0.169935 0.128521
1 0.587616 0.0768142 0.154016 0.153436
1 0.79326 0.305041 0.122069 0.170625
1 0.016572 0.593992 0.033144 0.296288
