1 0.0871688 0.62083 0.174338 0.252747
1 0.181905 0.428179 0.238991 0.253479
1 0.43793 0.899625 0.29427 0.200749
1 0.0652448 0.116812 0.130489 0.233625
1 0.864464 0.817135 0.27094 0.289398
1 0.349298 0.0571696 0.283808 0.114339
1 0.766533 0.405305 0.200602 0.266849
1 0.620117 0.843242 0.237985 0.249701
1 0.853744 0.0629421 0.251082 0.125694
0 0.502571 0.505951 0.414644 0.40235
1 0.752368 0.660154 0.251552 0.295374
1 0.94636 0.425148 0.107226 0.272441
1 0.933169 0.18928 0.133535 0.256222
1 0.487651 0.177643 0.242444 0.244169
1 0.306645 0.230037 0.246202 0.244935
1 0.0365058 0.328481 0.0729441 0.270329
