1 0.720731 0.282867 0.227858 0.215537
1 0.125486 0.564619 0.181863 0.199595
1 0.263288 0.381258 0.218814 0.21114
1 0.279901 0.186689 0.196482 0.194612
1 0.084106 0.20352 0.167954 0.254427
1 0.483857 0.254965 0.240554 0.176086
1 0.322786 0.0423 0.17554 0.0844848
1 0.063338 0.39613 0.126641 0.18132
1 0.901771 0.77816 0.193972 0.23707
1 0.56402 0.898746 0.199343 0.202509
1 0.766254 0.916989 0.226262 0.165854
0 0.501353 0.503812 0.356863 0.299859
1 0.367401 0.842397 0.220656 0.172292
1 0.965344 0.928605 0.067237 0.142648
1 0.158517 0.969811 0.256297 0.0603775
2 0.63736 0.117296 0.0929647 0.102652
1 0.0503126 0.0285789 0.100625 0.0570468
1 0.966113 0.598153 0.0631151 0.192532
1 0.724383 0.97485 0.194535 0.0502994
