1 0.781866 0.447239 0.23328 0.219064
1 0.805434 0.674099 0.222925 0.209075
1 0.774992 0.238962 0.183289 0.181969
1 0.293225 0.869346 0.212449 0.229961
1 0.112087 0.731729 0.219802 0.229093
1 0.552501 0.78056 0.224242 0.199171
1 0.525082 0.0781688 0.225749 0.156089
1 0.194457 0.602202 0.216491 0.215368
1 0.847095 0.926893 0.243338 0.146214
1 0.0638437 0.234901 0.126265 0.211006
1 0.326973 0.252732 0.238606 0.208918
1 0.232794 0.079768 0.229639 0.158974
1 0.0519731 0.513286 0.103946 0.209388
1 0.526479 0.925407 0.261401 0.149186
1 0.142056 0.926266 0.242443 0.147467
1 0.921026 0.167138 0.154198 0.257159
0 0.499182 0.50682 0.329995 0.336934
2 0.718818 0.879123 0.0897253 0.0956915
1 0.968432 0.545115 0.0589832 0.221253
1 0.97539 0.894519 0.0468479 0.206036
1 0.0772181 0.015769 0.154234 0.031538
1 0.982199 0.0347687 0.0313573 0.0695374
