1 0.881603 0.908256 0.181913 0.183487
1 0.653784 0.344704 0.156677 0.219121
1 0.226002 0.928956 0.178332 0.142087
1 0.752058 0.699043 0.139928 0.178761
1 0.511455 0.528343 0.185873 0.190968
1 0.941698 0.501701 0.116605 0.177575
1 0.40939 0.835904 0.168277 0.208835
1 0.699377 0.90015 0.176704 0.199699
1 0.255249 0.566374 0.176106 0.207328
1 0.899992 0.680746 0.163142 0.184703
1 0.787141 0.369954 0.134775 0.212488
1 0.818433 0.523153 0.154963 0.179772
1 0.608107 0.667848 0.175768 0.204806
1 0.519222 0.293583 0.143535 0.222572
1 0.884262 0.0522591 0.127942 0.104518
0 0.286538 0.270838 0.351349 0.454645
1 0.0396531 0.372877 0.0793062 0.247484
1 0.267667 0.0435493 0.17034 0.0870986
1 0.797355 0.0472438 0.160722 0.0944876
1 0.930333 0.305049 0.139028 0.217706
1 0.589304 0.0611772 0.153297 0.122354
1 0.0974716 0.600841 0.158002 0.215447
1 0.659478 0.960199 0.150113 0.0796028
1 0.980567 0.0424323 0.038866 0.0844026
1 0.904209 0.794494 0.147493 0.17447
1 0.0552616 0.831603 0.110494 0.190414
1 0.628042 0.560558 0.147715 0.161636
1 0.0209607 0.632342 0.0419213 0.189877
1 0.460344 0.100428 0.141819 0.199465
1 0.112727 0.82032 0.146159 0.176058
1 0.67912 0.105009 0.148821 0.205306
1 0.128839 0.012502 0.151967 0.0249572
1 0.109405 0.47898 0.171146 0.166666
1 0.462 0.067064 0.13868 0.134073
1 0.694655 0.127769 0.158379 0.230505
