1 0.381455 0.0902234 0.216831 0.180447
1 0.0717302 0.476757 0.14346 0.211329
1 0.110332 0.243348 0.220663 0.212377
1 0.910957 0.176927 0.178086 0.194064
1 0.217658 0.711282 0.237709 0.272282
1 0.690418 0.310098 0.234786 0.226344
1 0.133401 0.0567826 0.234943 0.113406
1 0.827614 0.754648 0.215965 0.235607
1 0.60629 0.780884 0.205788 0.226971
1 0.106305 0.897069 0.209419 0.205811
1 0.951289 0.372164 0.0973913 0.218046
1 0.662267 0.145465 0.221688 0.206759
0 0.440862 0.522848 0.408898 0.469438
1 0.974774 0.596136 0.0504525 0.218735
1 0.965189 0.0302738 0.0696223 0.0605477
1 0.668687 0.97603 0.253009 0.0478331
