1 0.106486 0.400629 0.212972 0.240354
1 0.771786 0.417176 0.213997 0.21276
1 0.930953 0.723459 0.137966 0.211433
1 0.924975 0.923115 0.149852 0.15377
1 0.926762 0.0811474 0.146267 0.162295
1 0.34345 0.755107 0.228152 0.266689
1 0.591352 0.136276 0.239846 0.228049
1 0.817286 0.210492 0.231184 0.212419
1 0.171497 0.102705 0.21859 0.205411
1 0.0913176 0.895567 0.182635 0.208867
1 0.0696425 0.668497 0.139285 0.259558
1 0.290767 0.276512 0.204413 0.216221
1 0.299931 0.92809 0.248956 0.14382
1 0.526642 0.819231 0.230602 0.1975
1 0.57411 0.957365 0.258963 0.0852705
0 0.509941 0.508112 0.345967 0.417155
1 0.339478 0.0372836 0.21242 0.0744069
1 0.975346 0.276417 0.0492935 0.246322
1 0.0527204 0.282534 0.105401 0.230941
1 0.646648 0.0270982 0.231558 0.0541965
1 0.984429 0.523129 0.0311427 0.201138
1 0.029746 0.0372087 0.0594587 0.0743501
