1 0.777563 0.122484 0.239695 0.241674
1 0.328272 0.87052 0.239164 0.235216
1 0.880899 0.865462 0.238013 0.268346
1 0.103772 0.797146 0.207205 0.244128
1 0.162534 0.0952489 0.274249 0.190498
1 0.560114 0.0806352 0.218346 0.161123
1 0.856987 0.46535 0.264654 0.2584
1 0.218189 0.331106 0.21479 0.278634
1 0.669635 0.920017 0.221723 0.159966
1 0.944673 0.681852 0.110653 0.266131
1 0.405139 0.243388 0.234672 0.234671
1 0.126518 0.960273 0.242294 0.0793056
0 0.525743 0.57437 0.449459 0.543704
1 0.0593478 0.614655 0.118696 0.282165
1 0.456301 0.964031 0.162248 0.0719209
1 0.313887 0.0128684 0.293595 0.0257369
2 0.95425 0.321516 0.0915002 0.123311
