1 0.739486 0.0834441 0.174258 0.166791
1 0.25366 0.0883213 0.182488 0.17651
1 0.31669 0.40082 0.154173 0.211471
1 0.0704927 0.55559 0.140985 0.197861
1 0.123738 0.225695 0.167172 0.222984
1 0.5694 0.065554 0.142369 0.130871
1 0.775498 0.875835 0.16429 0.196865
1 0.673283 0.388468 0.165351 0.215914
1 0.635437 0.826612 0.157111 0.193315
1 0.216538 0.921589 0.153552 0.156821
1 0.180924 0.734878 0.154377 0.233888
1 0.622242 0.597755 0.15986 0.206474
0 0.386501 0.690277 0.304232 0.404347
1 0.508035 0.369126 0.166392 0.230958
1 0.721233 0.601904 0.157157 0.20061
1 0.946643 0.23321 0.106687 0.192474
1 0.105 0.0607353 0.135356 0.121471
1 0.861943 0.0674219 0.150201 0.134605
1 0.0269389 0.11295 0.0538779 0.186834
1 0.93119 0.830765 0.13468 0.194682
1 0.799002 0.256972 0.173569 0.222475
1 0.119042 0.918979 0.163492 0.161937
1 0.619875 0.96428 0.151662 0.0714409
1 0.0257724 0.306564 0.0515447 0.191341
1 0.862427 0.964282 0.164579 0.0714362
1 0.0450301 0.924756 0.0895655 0.150488
1 0.433805 0.0183772 0.138646 0.0367101
1 0.0137304 0.665266 0.0273692 0.180117
1 0.373677 0.0528955 0.144967 0.105224
