1 0.882617 0.299752 0.234709 0.252665
1 0.599153 0.095466 0.185709 0.190932
0 0.498541 0.500256 0.3237 0.331363
1 0.877464 0.0740155 0.24265 0.14771
1 0.665927 0.745863 0.173163 0.208227
1 0.0766236 0.717393 0.152167 0.265324
1 0.394265 0.0719129 0.163062 0.143826
1 0.199538 0.0421065 0.21675 0.084213
2 0.197858 0.485552 0.0776064 0.0873085
1 0.899748 0.890847 0.198406 0.218305
1 0.265006 0.457784 0.15762 0.192847
1 0.0661477 0.412626 0.132295 0.208527
1 0.925411 0.768457 0.144923 0.137418
1 0.408221 0.718887 0.325146 0.207812
1 0.245297 0.229228 0.161629 0.274841
1 0.0191152 0.510305 0.0356683 0.180641
1 0.0118025 0.121519 0.0236049 0.217448
