1 0.507679 0.91504 0.240928 0.16992
1 0.107557 0.191585 0.214609 0.238804
1 0.768385 0.877337 0.250331 0.245326
1 0.269655 0.745481 0.257163 0.253701
1 0.325395 0.089792 0.242908 0.179525
1 0.0719433 0.564143 0.143887 0.285659
1 0.841089 0.481115 0.216324 0.256415
1 0.242321 0.375518 0.243345 0.216396
1 0.48777 0.20955 0.252067 0.237695
1 0.886343 0.289786 0.227313 0.242502
1 0.136534 0.0441076 0.222866 0.0878903
1 0.947738 0.871228 0.104512 0.248101
1 0.562518 0.0803802 0.233577 0.160454
1 0.948111 0.642546 0.103743 0.220432
1 0.137109 0.943587 0.267721 0.112809
0 0.525693 0.51994 0.431384 0.462487
1 0.946198 0.0415318 0.107604 0.0830208
1 0.987409 0.43553 0.0250988 0.214108
