1 0.882853 0.827904 0.234294 0.258337
1 0.409244 0.914437 0.18021 0.170888
1 0.340093 0.180738 0.20859 0.179242
1 0.735778 0.685746 0.261421 0.264006
1 0.123151 0.234882 0.230363 0.227689
1 0.650156 0.297705 0.240183 0.217541
1 0.940805 0.117045 0.118235 0.234091
1 0.055669 0.427932 0.111338 0.248828
1 0.818643 0.415899 0.269038 0.230406
1 0.259346 0.0386105 0.231644 0.077221
1 0.949808 0.609012 0.100306 0.247335
0 0.48323 0.563433 0.399931 0.436049
1 0.0343914 0.0735903 0.0687827 0.147181
1 0.609416 0.971713 0.231975 0.0565749
2 0.276916 0.928776 0.0891594 0.0932232
1 0.0138043 0.87264 0.0275256 0.233692
2 0.14041 0.691215 0.0792868 0.0807655
1 0.5437 0.0103357 0.226817 0.0206715
1 0.858746 0.992656 0.238022 0.0146874
