1 0.0958177 0.128759 0.191635 0.199542
1 0.150952 0.322009 0.224338 0.192419
1 0.830339 0.603544 0.190341 0.195594
1 0.386633 0.0667654 0.189979 0.133473
1 0.222952 0.919325 0.183593 0.16135
1 0.0749089 0.832316 0.148652 0.20733
1 0.903744 0.409984 0.187742 0.205963
1 0.931458 0.0616352 0.134384 0.122842
1 0.598013 0.192198 0.248502 0.165563
1 0.62088 0.936938 0.203393 0.126124
1 0.824391 0.245829 0.220631 0.193158
1 0.859659 0.891167 0.206799 0.217666
1 0.179227 0.58105 0.176561 0.246905
1 0.0423908 0.612823 0.0847816 0.210456
1 0.341424 0.784903 0.225445 0.227395
1 0.738431 0.0755989 0.204994 0.151198
1 0.674417 0.765191 0.197781 0.202005
1 0.404813 0.960088 0.194106 0.0797749
0 0.50277 0.502041 0.511207 0.49726
1 0.59769 0.0469936 0.201958 0.0939872
1 0.213906 0.019065 0.197696 0.0379826
1 0.0181437 0.384304 0.0362873 0.232286
