1 0.687183 0.273304 0.254509 0.222443
1 0.7218 0.710061 0.235723 0.241586
1 0.771668 0.0823422 0.216514 0.164407
1 0.203283 0.662994 0.224212 0.24097
1 0.28322 0.91604 0.21554 0.167919
1 0.855226 0.438395 0.273124 0.219959
1 0.557705 0.90133 0.186816 0.196603
1 0.323537 0.233543 0.226566 0.211318
1 0.203048 0.419761 0.230387 0.229581
1 0.18437 0.0874482 0.208083 0.174896
1 0.409576 0.785714 0.294621 0.232868
1 0.556057 0.0920285 0.206784 0.183564
1 0.0434296 0.698453 0.0868592 0.220927
0 0.505192 0.5026 0.392983 0.397163
1 0.948746 0.953048 0.101576 0.0939049
1 0.96727 0.235492 0.0632047 0.280847
1 0.974083 0.563605 0.0472425 0.21313
1 0.0230277 0.230045 0.0460553 0.261713
1 0.0434683 0.0235568 0.0852597 0.0469302
