1 0.723083 0.806656 0.240542 0.234516
1 0.922303 0.895231 0.155393 0.209539
1 0.487761 0.827327 0.211559 0.259227
1 0.0938042 0.455891 0.187608 0.225988
0 0.536388 0.484031 0.493403 0.427912
1 0.787908 0.0737596 0.229452 0.146883
1 0.13295 0.948913 0.219245 0.102174
1 0.135309 0.114547 0.219307 0.229095
1 0.218901 0.249135 0.29525 0.267491
1 0.704461 0.149924 0.246725 0.271463
1 0.497033 0.943162 0.211203 0.113677
1 0.19427 0.672776 0.209248 0.279633
1 0.90336 0.0487902 0.19328 0.0975804
1 0.929223 0.627479 0.141382 0.257352
1 0.191202 0.503479 0.194728 0.21763
1 0.00877223 0.603647 0.0175445 0.246829
1 0.525216 0.0100976 0.26538 0.0201952
1 0.17879 0.257537 0.214979 0.243746
