1 0.239539 0.457902 0.202907 0.224947
1 0.179937 0.215146 0.244887 0.230446
1 0.79495 0.0890409 0.221775 0.178039
1 0.477883 0.157921 0.210784 0.214153
1 0.565501 0.841796 0.28553 0.238939
1 0.781471 0.614553 0.238931 0.252797
1 0.872096 0.395763 0.252691 0.239818
1 0.424932 0.948633 0.227852 0.102705
1 0.204439 0.774786 0.208841 0.208988
1 0.109381 0.721305 0.183419 0.220303
1 0.0526227 0.413718 0.105245 0.24684
1 0.168651 0.916728 0.224802 0.166545
0 0.50169 0.516188 0.292526 0.422819
1 0.179667 0.0778961 0.24396 0.155089
1 0.0327811 0.942087 0.0655622 0.115825
1 0.741917 0.955636 0.247521 0.0887277
1 0.955072 0.763714 0.0854016 0.278491
1 0.0265563 0.0669121 0.0531125 0.133824
1 0.953815 0.694343 0.088375 0.138295
