1 0.164802 0.176827 0.328933 0.283798
1 0.947646 0.877923 0.10461 0.243967
1 0.562836 0.120857 0.271832 0.241713
0 0.455287 0.506273 0.425613 0.446567
1 0.871237 0.222666 0.257525 0.298145
1 0.741018 0.607171 0.283117 0.350221
1 0.688995 0.315492 0.249801 0.195173
1 0.908189 0.424025 0.183621 0.312214
1 0.125133 0.0386105 0.250265 0.077221
1 0.249829 0.887319 0.279906 0.224657
1 0.0367062 0.947304 0.0733465 0.105286
1 0.487373 0.0457935 0.257676 0.091381
1 0.442192 0.979943 0.351518 0.0401134
1 0.973195 0.143631 0.05361 0.231321
1 0.14991 0.825688 0.262643 0.218712
