1 0.107261 0.885778 0.214521 0.228264
1 0.181269 0.638418 0.226159 0.233159
1 0.147295 0.421947 0.227148 0.225687
1 0.797921 0.694689 0.230999 0.237275
1 0.835328 0.901868 0.2363 0.196265
1 0.116506 0.184 0.223301 0.251035
1 0.864517 0.0623641 0.218518 0.124728
1 0.30271 0.0910731 0.230655 0.182146
1 0.59667 0.943895 0.211393 0.11221
1 0.882583 0.517202 0.21486 0.236838
2 0.797128 0.361326 0.0924051 0.0882328
1 0.0379682 0.587616 0.074697 0.21775
0 0.502269 0.548425 0.393379 0.399125
2 0.765615 0.547317 0.0773226 0.0751479
2 0.618047 0.231325 0.101678 0.0854263
1 0.920335 0.322593 0.155155 0.216292
1 0.96296 0.784443 0.0723405 0.210675
1 0.0276876 0.0806849 0.0553751 0.16069
1 0.244511 0.985056 0.219422 0.0298877
1 0.978626 0.164434 0.0382206 0.187819
1 0.976694 0.642832 0.0432627 0.186623
1 0.975214 0.40459 0.0452454 0.221259
