1 0.107064 0.140901 0.214038 0.237654
1 0.202828 0.588774 0.217699 0.218829
1 0.94098 0.87372 0.11804 0.237261
1 0.217145 0.359076 0.241188 0.238926
1 0.926954 0.567601 0.146092 0.216205
1 0.669785 0.23628 0.219858 0.256598
1 0.777483 0.770856 0.21473 0.196396
1 0.623008 0.910477 0.238249 0.179047
1 0.754739 0.554143 0.195262 0.227007
1 0.820805 0.0844825 0.234084 0.168637
1 0.940177 0.294351 0.119646 0.223743
1 0.567056 0.0597343 0.235195 0.119469
1 0.067641 0.874337 0.135282 0.214409
1 0.0514114 0.643503 0.102675 0.239478
0 0.487007 0.52066 0.336105 0.37456
1 0.854709 0.983147 0.228227 0.0337055
1 0.155824 0.00850652 0.246507 0.0169696
