1 0.793934 0.88153 0.220216 0.236921
1 0.693108 0.223367 0.267162 0.229141
1 0.088933 0.382011 0.17782 0.251057
1 0.0868705 0.115939 0.173581 0.231878
1 0.84858 0.0706305 0.260095 0.141261
1 0.550189 0.924923 0.250702 0.150153
0 0.490533 0.512786 0.471857 0.461365
1 0.30755 0.250674 0.2374 0.203388
1 0.360399 0.798366 0.286474 0.237274
1 0.241405 0.931113 0.235985 0.137739
1 0.948523 0.192806 0.102954 0.260385
1 0.887535 0.428854 0.22493 0.213513
1 0.0849175 0.809036 0.169788 0.277884
1 0.925822 0.967793 0.148355 0.0644144
1 0.978329 0.573623 0.0433424 0.238541
