1 0.799594 0.423442 0.260309 0.298991
1 0.70612 0.770424 0.229969 0.253864
1 0.90653 0.742128 0.18694 0.249683
1 0.51871 0.117946 0.261724 0.235337
1 0.139926 0.902609 0.242035 0.194782
1 0.931654 0.0844343 0.136604 0.168869
1 0.88032 0.946965 0.239268 0.106069
1 0.220153 0.666541 0.233984 0.311514
1 0.081501 0.601434 0.163002 0.295896
1 0.156196 0.0562486 0.312391 0.112171
1 0.474465 0.825915 0.257034 0.250867
0 0.465749 0.535085 0.463671 0.47557
1 0.960017 0.366845 0.079967 0.296797
1 0.306681 0.287097 0.240085 0.231611
1 0.186975 0.210487 0.310026 0.255265
1 0.309807 0.953497 0.281467 0.0930051
1 0.0178776 0.89795 0.0357552 0.2041
