1 0.898901 0.457907 0.161241 0.193468
1 0.304289 0.314285 0.15319 0.236517
1 0.666834 0.759933 0.162909 0.206801
1 0.338623 0.529732 0.157264 0.215575
1 0.183249 0.135793 0.162624 0.20199
1 0.758306 0.408083 0.156116 0.192579
1 0.844285 0.180826 0.160423 0.20005
1 0.439584 0.0442843 0.153088 0.0884422
0 0.50789 0.275095 0.304643 0.406226
1 0.326486 0.766364 0.199431 0.252858
1 0.875283 0.778245 0.175091 0.216229
1 0.73695 0.618725 0.163422 0.208332
1 0.744112 0.178495 0.155996 0.203038
1 0.798795 0.0399913 0.160207 0.0799826
1 0.267032 0.922216 0.166261 0.155036
1 0.160691 0.854923 0.172884 0.201126
1 0.0297672 0.68616 0.0595343 0.202495
2 0.575005 0.688804 0.0497414 0.0630468
1 0.245274 0.534329 0.156143 0.22683
2 0.0837861 0.381762 0.0535669 0.0682888
1 0.576716 0.933917 0.236972 0.132166
1 0.624513 0.0323278 0.16859 0.0646172
1 0.932878 0.956057 0.134243 0.0878864
1 0.951472 0.618644 0.097057 0.21142
1 0.973338 0.673792 0.0533248 0.174005
1 0.13745 0.540287 0.132422 0.218211
1 0.0703945 0.525902 0.138089 0.197246
1 0.419809 0.985283 0.178682 0.0294339
1 0.0158658 0.955834 0.0316344 0.0883311
1 0.0374989 0.307734 0.0749725 0.23492
1 0.980965 0.415121 0.0380695 0.180825
1 0.865606 0.951516 0.133605 0.0969686
1 0.0721048 0.208107 0.141909 0.271932
1 0.0642555 0.114712 0.1276 0.178292
