1 0.790509 0.527378 0.231961 0.224977
1 0.519853 0.163888 0.209254 0.20865
1 0.391336 0.845212 0.240488 0.25643
1 0.152022 0.786915 0.241342 0.244378
1 0.772258 0.751959 0.248514 0.226329
1 0.911237 0.344519 0.17482 0.218479
1 0.756738 0.104837 0.275575 0.209675
1 0.338847 0.262739 0.189931 0.200308
1 0.946063 0.136362 0.103918 0.230399
1 0.109145 0.0464725 0.211198 0.0929399
1 0.0497128 0.636921 0.0987572 0.257549
0 0.499015 0.503281 0.32132 0.42618
1 0.0325592 0.388835 0.0651183 0.24064
2 0.041621 0.928057 0.0803064 0.0790703
1 0.194306 0.53615 0.239829 0.285065
1 0.266711 0.975109 0.30872 0.0497711
1 0.949889 0.708099 0.0978196 0.20031
1 0.624844 0.924767 0.312761 0.15034
1 0.678932 0.924534 0.205041 0.150931
1 0.56963 0.932023 0.200103 0.135878
1 0.948173 0.665653 0.103654 0.283016
1 0.949701 0.591192 0.0975199 0.129554
1 0.55219 0.0119875 0.227017 0.0238173
1 0.174203 0.48113 0.207988 0.172663
1 0.948937 0.62064 0.0991355 0.187879
1 0.199807 0.576639 0.230667 0.202414
