1 0.133714 0.777163 0.171045 0.210462
1 0.11332 0.244682 0.183871 0.214847
1 0.125783 0.446561 0.161864 0.189249
1 0.647571 0.846143 0.166837 0.207742
1 0.85182 0.119974 0.181591 0.239949
1 0.237602 0.627972 0.168253 0.21891
1 0.590884 0.192182 0.173669 0.192915
1 0.616209 0.0561038 0.168953 0.112067
1 0.468697 0.812489 0.182339 0.213666
1 0.321439 0.820657 0.183916 0.18797
1 0.785628 0.635028 0.17276 0.201535
1 0.357122 0.305079 0.187509 0.250695
1 0.866709 0.517656 0.180377 0.183361
1 0.836652 0.342116 0.181482 0.179242
1 0.809104 0.935573 0.188283 0.128855
1 0.938355 0.693362 0.123291 0.185179
1 0.0636018 0.950999 0.127204 0.0980029
1 0.317273 0.432421 0.157722 0.202842
0 0.557367 0.49977 0.353406 0.433676
1 0.233883 0.939449 0.195732 0.121102
1 0.972688 0.897867 0.0546235 0.204267
1 0.951679 0.241657 0.096632 0.230176
1 0.776193 0.816266 0.153807 0.180392
1 0.0174938 0.140119 0.0348206 0.200616
1 0.201804 0.0639294 0.169178 0.127433
1 0.977309 0.0326699 0.0453817 0.0653398
1 0.763403 0.00906336 0.154141 0.0181267
1 0.984627 0.178284 0.0307463 0.186166
