1 0.363333 0.110634 0.169992 0.220882
1 0.555918 0.312061 0.16036 0.21095
1 0.172167 0.0866623 0.151339 0.173325
1 0.332177 0.899324 0.186672 0.201352
1 0.134883 0.686892 0.177031 0.207269
1 0.608277 0.0901131 0.194623 0.180226
1 0.717813 0.368873 0.157446 0.202015
1 0.296972 0.344007 0.169828 0.230348
1 0.816713 0.641862 0.172862 0.177128
1 0.909274 0.487954 0.181453 0.172886
1 0.379721 0.53796 0.162687 0.209047
1 0.204164 0.520024 0.165905 0.204895
1 0.885016 0.277106 0.167127 0.221785
1 0.820262 0.171826 0.165557 0.21619
1 0.692485 0.945199 0.168515 0.109602
0 0.517956 0.774013 0.358725 0.450127
1 0.960826 0.604896 0.078348 0.194217
1 0.0254285 0.559282 0.0508571 0.23168
1 0.947003 0.0369205 0.105956 0.0734859
2 0.679533 0.604057 0.0539732 0.0769266
1 0.385475 0.404156 0.158922 0.17879
1 0.45229 0.0267427 0.134747 0.0533972
