1 0.0885259 0.285263 0.177052 0.203244
1 0.236917 0.867226 0.245853 0.236628
1 0.596426 0.762118 0.256816 0.221764
1 0.23016 0.550693 0.193767 0.225902
1 0.2304 0.15925 0.178807 0.179925
1 0.703167 0.929824 0.266244 0.140351
1 0.927891 0.870667 0.13925 0.208892
1 0.822674 0.625108 0.244187 0.229973
0 0.501411 0.497829 0.317286 0.337138
1 0.951485 0.485302 0.0935865 0.207744
1 0.95708 0.265429 0.0804911 0.199777
1 0.048094 0.0348368 0.0960082 0.0696589
1 0.414736 0.0182443 0.214979 0.0364886
1 0.97521 0.0767185 0.0464771 0.153126
