1 0.128919 0.843803 0.2248 0.213418
1 0.184619 0.620189 0.208664 0.238163
1 0.769903 0.314854 0.202019 0.212277
1 0.561722 0.195673 0.243328 0.22025
1 0.325444 0.915328 0.2238 0.169344
1 0.258613 0.281227 0.230131 0.224555
1 0.0673268 0.395384 0.133658 0.201973
1 0.903755 0.0619418 0.181774 0.123431
1 0.907743 0.47673 0.179324 0.223571
1 0.894377 0.824571 0.208268 0.22675
1 0.860319 0.670756 0.274291 0.230015
1 0.679247 0.0522328 0.247782 0.104466
1 0.0359252 0.659871 0.0707124 0.216722
1 0.0592614 0.960511 0.118523 0.078368
1 0.410014 0.0344094 0.230714 0.0686568
0 0.501806 0.533581 0.484505 0.495292
1 0.129771 0.0136264 0.230289 0.0272063
1 0.0174422 0.0706333 0.0338751 0.140352
