1 0.789572 0.5478 0.225721 0.25583
1 0.73079 0.129617 0.244771 0.239763
1 0.472518 0.91716 0.234451 0.165679
1 0.200146 0.597242 0.186286 0.25263
1 0.709068 0.847492 0.233416 0.22852
1 0.169163 0.855456 0.207223 0.238975
1 0.301683 0.064713 0.233627 0.129303
1 0.166631 0.199454 0.26178 0.244939
1 0.0749171 0.395718 0.149834 0.245923
1 0.936512 0.839389 0.126975 0.229953
1 0.915971 0.2235 0.168058 0.258746
1 0.550093 0.262041 0.24889 0.234734
0 0.505701 0.50997 0.320175 0.305121
1 0.0562602 0.936748 0.112502 0.126504
1 0.366971 0.767515 0.225376 0.20845
1 0.0492433 0.626459 0.0984866 0.2487
1 0.926573 0.0267442 0.146717 0.0530957
1 0.577941 0.02885 0.223768 0.0577001
1 0.926891 0.980112 0.146074 0.0397752
1 0.711428 0.988105 0.241316 0.0237897
1 0.991909 0.530874 0.016159 0.236523
