1 0.626191 0.0838822 0.232027 0.167764
1 0.196985 0.636965 0.203145 0.182132
1 0.452408 0.836107 0.211531 0.17039
1 0.817409 0.787099 0.208004 0.169457
1 0.899834 0.0862145 0.200333 0.172424
0 0.673438 0.331144 0.494024 0.365428
1 0.0808478 0.805694 0.151037 0.145282
1 0.0942688 0.439093 0.176862 0.163839
1 0.416412 0.92747 0.268637 0.145061
1 0.442366 0.0470692 0.213491 0.0940202
1 0.244577 0.244334 0.240844 0.202601
2 0.0553152 0.325701 0.091686 0.0790614
1 0.929223 0.959971 0.141265 0.0800575
1 0.334975 0.183089 0.2096 0.167373
1 0.0345246 0.0874431 0.0634548 0.174886
2 0.153335 0.909457 0.0771182 0.0672489
1 0.027905 0.954061 0.0489043 0.0918785
1 0.647035 0.624838 0.204082 0.161153
1 0.620963 0.739257 0.19733 0.138211
1 0.0833211 0.640899 0.157279 0.157434
2 0.978404 0.440475 0.0431927 0.0675808
1 0.980133 0.209845 0.0397333 0.149225
1 0.375556 0.478227 0.186011 0.163383
1 0.243499 0.823083 0.190334 0.168545
1 0.974086 0.351465 0.051827 0.132755
1 0.752528 0.988302 0.196283 0.0233967
1 0.38992 0.5037 0.213841 0.210496
2 0.482374 0.151997 0.0765928 0.05452
1 0.952863 0.808348 0.0942734 0.18497
2 0.872557 0.188015 0.0759834 0.0685398
