1 0.459119 0.206497 0.291115 0.264591
1 0.938612 0.468552 0.122777 0.308228
1 0.164199 0.745943 0.242199 0.29986
1 0.136398 0.197623 0.272689 0.309402
1 0.108325 0.930613 0.216467 0.138774
1 0.359098 0.902775 0.290981 0.19419
1 0.82494 0.718061 0.239553 0.290601
0 0.488933 0.588203 0.440089 0.482172
1 0.0440547 0.536115 0.0881094 0.258137
1 0.839193 0.890992 0.24292 0.215841
1 0.298439 0.0430434 0.264363 0.0860712
1 0.728579 0.936203 0.261965 0.127595
1 0.970255 0.790996 0.0594906 0.300571
1 0.528077 0.0422891 0.239093 0.0839839
1 0.891956 0.0368854 0.216088 0.0736246
1 0.0243026 0.792141 0.0484973 0.246733
1 0.681037 0.0328867 0.226778 0.0657559
1 0.0889388 0.0796536 0.176972 0.159307
