1 0.194434 0.886853 0.22935 0.226293
1 0.12052 0.627883 0.240061 0.287737
1 0.802906 0.0822221 0.254914 0.164268
1 0.887996 0.369524 0.222353 0.239045
1 0.872601 0.890078 0.216353 0.207093
1 0.1274 0.355802 0.240758 0.239949
1 0.69631 0.786839 0.26979 0.220611
1 0.942367 0.552122 0.115225 0.228575
1 0.855743 0.656764 0.256791 0.244005
1 0.529102 0.965082 0.229994 0.0698357
1 0.662305 0.0495047 0.236124 0.0990094
1 0.776428 0.96371 0.242744 0.0725797
1 0.726426 0.195681 0.208036 0.214396
1 0.439185 0.0407814 0.207754 0.0815629
0 0.51456 0.478335 0.637531 0.558519
1 0.981796 0.920207 0.0364066 0.15915
1 0.28359 0.0231046 0.261027 0.046103
1 0.990217 0.729101 0.0195114 0.237689
1 0.0686202 0.471773 0.13724 0.19618
1 0.0983242 0.474731 0.196648 0.203116
1 0.0474992 0.47352 0.0949985 0.204229
1 0.00709635 0.275701 0.0141927 0.246194
