1 0.874687 0.416617 0.165112 0.220795
1 0.0700755 0.411069 0.140151 0.192762
1 0.663452 0.120336 0.149585 0.19582
1 0.626602 0.572605 0.186609 0.223387
1 0.940788 0.616884 0.118225 0.210222
1 0.550393 0.794378 0.186841 0.261116
1 0.206601 0.103716 0.159142 0.207111
1 0.538506 0.268941 0.151367 0.192044
0 0.14886 0.715094 0.286251 0.402634
1 0.965759 0.228637 0.0684813 0.24367
1 0.750628 0.427684 0.122437 0.182623
1 0.527762 0.0840309 0.160736 0.167268
1 0.349312 0.168732 0.160695 0.184718
1 0.0206803 0.213501 0.0413606 0.201814
1 0.363312 0.477866 0.169683 0.20444
2 0.938769 0.91818 0.0670864 0.0787088
1 0.816874 0.946619 0.208468 0.106763
1 0.219533 0.436967 0.157282 0.225117
1 0.166623 0.284286 0.167307 0.18907
1 0.877156 0.828505 0.170666 0.16983
1 0.366939 0.86924 0.165057 0.196581
1 0.0283713 0.940939 0.0566805 0.118123
1 0.696722 0.0293325 0.141625 0.0586318
1 0.953669 0.835106 0.0926552 0.190366
1 0.386523 0.837387 0.167379 0.231739
1 0.274833 0.942421 0.171575 0.115158
