1 0.886483 0.708952 0.224152 0.24522
1 0.600403 0.884482 0.237879 0.221757
1 0.907326 0.100077 0.182265 0.200153
1 0.205794 0.215081 0.264118 0.228326
1 0.501654 0.168943 0.250702 0.2348
1 0.685902 0.114915 0.254207 0.229659
1 0.0586084 0.859874 0.117217 0.280251
1 0.814634 0.490164 0.206903 0.289449
1 0.128831 0.0720027 0.253618 0.143303
1 0.386508 0.0574047 0.246009 0.114451
2 0.106452 0.39217 0.0876012 0.0753612
0 0.499284 0.5049 0.440757 0.489322
1 0.935832 0.441044 0.123634 0.227588
1 0.2518 0.404138 0.190923 0.267525
1 0.0335025 0.24584 0.0670049 0.252957
1 0.447469 0.824379 0.257673 0.249651
1 0.920539 0.966346 0.158923 0.0673088
