1 0.460653 0.916511 0.23072 0.166977
1 0.844759 0.282747 0.229596 0.229201
1 0.213103 0.761456 0.241079 0.232166
1 0.604148 0.148229 0.227008 0.226758
1 0.799374 0.823524 0.207122 0.233836
1 0.165747 0.545408 0.199025 0.195316
1 0.841858 0.525936 0.232427 0.24469
1 0.370671 0.0820416 0.257894 0.164083
1 0.940464 0.70717 0.115676 0.239413
1 0.820218 0.0775702 0.229795 0.154804
1 0.185264 0.953541 0.240965 0.0929182
1 0.573364 0.765851 0.250147 0.19166
1 0.199371 0.201451 0.227623 0.199398
1 0.0382343 0.164588 0.0751122 0.211146
1 0.193583 0.337435 0.238674 0.192926
0 0.500349 0.497534 0.432258 0.404285
1 0.0302988 0.642799 0.0605976 0.204208
1 0.789108 0.976586 0.220268 0.046769
1 0.57589 0.0115311 0.204104 0.0229574
1 0.737118 0.0170082 0.187955 0.0337909
1 0.00923347 0.412836 0.0184669 0.210391
