1 0.821525 0.307514 0.203193 0.207012
1 0.294181 0.213667 0.201203 0.218915
1 0.936728 0.909077 0.123059 0.181184
1 0.899784 0.624349 0.196957 0.226367
1 0.921163 0.0735729 0.155695 0.146734
1 0.13882 0.384725 0.229185 0.219465
1 0.112723 0.0821474 0.21409 0.164118
1 0.43473 0.0843145 0.200876 0.168629
1 0.67692 0.774063 0.19273 0.213824
1 0.79155 0.816973 0.200492 0.192834
1 0.95621 0.408753 0.08309 0.197777
1 0.0700538 0.756899 0.140108 0.22498
1 0.0766527 0.939266 0.153305 0.121468
1 0.197737 0.847899 0.191581 0.210555
1 0.577499 0.107757 0.218601 0.215514
1 0.242932 0.710647 0.219945 0.213903
1 0.690472 0.951203 0.214449 0.0975931
1 0.0385709 0.22962 0.0757531 0.227799
0 0.510548 0.499899 0.458226 0.427962
1 0.213475 0.0386194 0.215978 0.0772387
1 0.240823 0.988932 0.203911 0.0221352
