1 0.925452 0.0659694 0.145374 0.131636
1 0.240129 0.0934468 0.219557 0.181942
1 0.165031 0.458579 0.217248 0.2255
1 0.871355 0.442779 0.223809 0.229221
1 0.730112 0.0732399 0.211083 0.146369
1 0.410711 0.108243 0.20886 0.216486
1 0.21539 0.298537 0.221476 0.207034
1 0.8997 0.589599 0.198034 0.224808
1 0.941784 0.25355 0.113727 0.205418
1 0.0411267 0.290371 0.0822534 0.206923
1 0.265498 0.775943 0.23019 0.255784
1 0.0330747 0.529512 0.0661494 0.240315
0 0.503542 0.502574 0.483698 0.56806
1 0.909984 0.980358 0.170424 0.0392841
1 0.0380075 0.0316817 0.0749951 0.0633581
1 0.725152 0.992328 0.221162 0.0153107
