1 0.105356 0.144689 0.210712 0.251986
1 0.336251 0.0985968 0.205664 0.197194
1 0.278183 0.306995 0.242118 0.24482
1 0.557089 0.154144 0.240698 0.212662
1 0.770201 0.609207 0.201617 0.259958
1 0.832141 0.81152 0.234177 0.217652
1 0.849263 0.17295 0.216107 0.20985
1 0.159356 0.874649 0.259871 0.240197
1 0.929037 0.101836 0.140742 0.203672
1 0.230305 0.664943 0.205435 0.214586
1 0.627456 0.893797 0.203929 0.212406
1 0.0631927 0.698714 0.126385 0.241801
1 0.935583 0.603229 0.124907 0.223488
1 0.811398 0.959433 0.2173 0.0809383
1 0.114472 0.437361 0.21743 0.20289
0 0.505552 0.521626 0.378121 0.378221
1 0.320564 0.985459 0.295438 0.0290815
1 0.0158317 0.910465 0.0316633 0.177539
1 0.971978 0.979778 0.0515241 0.0402847
