1 0.245012 0.699873 0.189823 0.221014
1 0.827187 0.66348 0.2329 0.20548
1 0.0728842 0.932415 0.145768 0.13517
1 0.787379 0.885727 0.244569 0.228258
1 0.659425 0.0898225 0.216388 0.179645
1 0.258236 0.0985832 0.223115 0.197166
1 0.618315 0.269487 0.20207 0.196927
1 0.94297 0.513165 0.111074 0.24292
1 0.435337 0.916651 0.181216 0.166699
1 0.62013 0.760538 0.196774 0.204491
1 0.95142 0.808512 0.0932092 0.20994
1 0.921373 0.282059 0.152043 0.183937
1 0.101943 0.618356 0.203886 0.331928
1 0.424288 0.771805 0.172723 0.147094
2 0.225262 0.916418 0.104596 0.0809744
1 0.771448 0.480446 0.164751 0.166524
1 0.436417 0.19348 0.202065 0.212554
0 0.502823 0.502424 0.38444 0.413508
1 0.0655479 0.327471 0.129163 0.213582
1 0.945799 0.0253032 0.105485 0.0506065
1 0.789074 0.38849 0.214164 0.188307
1 0.631798 0.902482 0.205429 0.19473
1 0.967785 0.155038 0.0600035 0.215425
1 0.934221 0.972634 0.124562 0.0547317
1 0.406994 0.102011 0.167837 0.153543
1 0.317476 0.971446 0.19024 0.0571082
1 0.47568 0.021105 0.219525 0.04221
1 0.0193115 0.110898 0.0386229 0.204897
1 0.0266136 0.398226 0.0532272 0.209974
1 0.791213 0.0101209 0.187576 0.020138
