1 0.880291 0.16201 0.231954 0.225239
1 0.216598 0.508834 0.23357 0.222551
1 0.29069 0.23745 0.231081 0.220602
1 0.387304 0.841149 0.211628 0.195159
1 0.887711 0.655311 0.221858 0.200858
1 0.657695 0.17506 0.196078 0.206158
1 0.908791 0.876554 0.178174 0.20839
1 0.237133 0.0607021 0.21401 0.121373
1 0.754702 0.486717 0.182268 0.249792
1 0.154652 0.90192 0.230103 0.189488
1 0.75025 0.354698 0.209597 0.170498
1 0.623115 0.795166 0.223715 0.18809
0 0.502993 0.540233 0.279716 0.301081
1 0.643695 0.90683 0.225838 0.184941
1 0.708223 0.0327548 0.209552 0.0654534
2 0.338904 0.623267 0.0889284 0.0859461
1 0.158326 0.973068 0.212415 0.0538637
1 0.962732 0.315778 0.0702982 0.206144
1 0.0863061 0.184749 0.172612 0.296687
