1 0.2295 0.35939 0.23297 0.225156
1 0.138535 0.703122 0.215862 0.218361
1 0.0984232 0.19056 0.196045 0.213819
1 0.507293 0.894338 0.245369 0.211324
1 0.777704 0.681154 0.248258 0.228458
1 0.312495 0.154249 0.229267 0.208432
1 0.154022 0.913709 0.184034 0.172581
1 0.922241 0.0510773 0.153216 0.101998
1 0.358015 0.750047 0.226827 0.20893
1 0.755954 0.0926396 0.207913 0.185279
1 0.9199 0.366423 0.157138 0.234787
1 0.897005 0.836146 0.201677 0.263316
0 0.50073 0.498795 0.375045 0.391236
1 0.816919 0.563116 0.224843 0.213665
1 0.582056 0.027938 0.204488 0.0557506
1 0.030762 0.854936 0.061524 0.243422
1 0.356945 0.935411 0.21779 0.129177
1 0.0921454 0.969783 0.184291 0.0604348
1 0.64521 0.972509 0.212154 0.0549823
1 0.0213542 0.402779 0.0427084 0.219096
2 0.982384 0.958424 0.0352312 0.083152
