1 0.36799 0.500121 0.155191 0.211104
1 0.936952 0.7972 0.126097 0.235802
1 0.166325 0.428054 0.16373 0.209735
1 0.439731 0.913733 0.177126 0.172533
1 0.213992 0.596739 0.154822 0.206835
1 0.456667 0.100795 0.171571 0.20159
0 0.706252 0.849517 0.341308 0.300967
1 0.116584 0.203274 0.142973 0.229082
1 0.734143 0.62239 0.190298 0.184901
2 0.972614 0.0797039 0.0545212 0.0925853
1 0.0825437 0.629639 0.164721 0.241277
1 0.402901 0.317974 0.153973 0.210124
1 0.547561 0.67236 0.201997 0.22787
1 0.954473 0.958144 0.0910538 0.0837111
1 0.299989 0.945394 0.155457 0.109082
1 0.020256 0.93111 0.040382 0.13685
1 0.554129 0.2636 0.183106 0.260505
1 0.270931 0.317991 0.12692 0.231297
1 0.80419 0.414647 0.175525 0.209627
1 0.14309 0.97808 0.147534 0.0438104
2 0.985783 0.57074 0.0282543 0.112912
1 0.05381 0.477995 0.107611 0.228463
1 0.862456 0.0947726 0.192332 0.189545
1 0.97885 0.247072 0.0423004 0.276101
1 0.738311 0.0240536 0.158429 0.0479376
1 0.0359444 0.317202 0.0718888 0.257812
1 0.306839 0.0376632 0.166054 0.0752734
1 0.169643 0.846009 0.149761 0.159241
1 0.819558 0.298437 0.16374 0.205491
1 0.539113 0.0397619 0.160434 0.079467
1 0.0124379 0.755643 0.0248225 0.204658
1 0.122494 0.853736 0.234542 0.185481
1 0.196111 0.0613231 0.156571 0.122646
1 0.0760412 0.850959 0.142339 0.183252
1 0.808917 0.371099 0.177867 0.295429
1 0.987326 0.202061 0.0253477 0.18194
