1 0.079784 0.740947 0.159568 0.247664
1 0.705392 0.151005 0.262155 0.255038
0 0.507818 0.506937 0.472105 0.463831
1 0.474127 0.18892 0.21105 0.22177
1 0.471407 0.0771493 0.265921 0.154267
1 0.171836 0.54193 0.235733 0.312334
1 0.854574 0.328162 0.245279 0.296942
1 0.878702 0.0413823 0.241623 0.0826744
1 0.295924 0.0694507 0.209016 0.138901
1 0.906572 0.592668 0.186071 0.193227
1 0.178567 0.971732 0.274537 0.0565366
1 0.82394 0.755004 0.250034 0.221528
1 0.273711 0.820462 0.280324 0.338234
1 0.910845 0.927704 0.177888 0.144577
1 0.969873 0.210845 0.0602352 0.252832
1 0.976248 0.416606 0.0474935 0.242818
1 0.128628 0.359989 0.223403 0.231782
1 0.132185 0.212379 0.219815 0.172406
1 0.909524 0.951789 0.180953 0.096421
1 0.90669 0.70472 0.18662 0.174786
1 0.0139891 0.387496 0.0279783 0.254659
1 0.131771 0.305413 0.224282 0.343013
1 0.229903 0.866431 0.19844 0.256953
