1 0.276332 0.181353 0.201482 0.201066
1 0.185128 0.405901 0.167116 0.197824
1 0.143724 0.59392 0.187681 0.208688
1 0.484468 0.545064 0.183109 0.220979
1 0.375843 0.0543268 0.175399 0.0951278
1 0.404635 0.79475 0.198633 0.23545
1 0.919393 0.160884 0.161214 0.236508
1 0.0719408 0.278553 0.134788 0.213924
1 0.623291 0.413633 0.193633 0.22149
1 0.95055 0.535838 0.0987042 0.218666
1 0.0934186 0.845995 0.180005 0.252182
1 0.0701388 0.0662135 0.129329 0.12007
1 0.678567 0.176564 0.206112 0.253195
0 0.650263 0.791515 0.380636 0.416969
1 0.830939 0.345586 0.175192 0.214085
1 0.478677 0.964728 0.192013 0.0705442
1 0.893649 0.787468 0.153573 0.197107
1 0.297721 0.969394 0.174458 0.0611828
1 0.183141 0.840805 0.18817 0.240423
1 0.875467 0.660464 0.177829 0.200648
1 0.971588 0.923374 0.0568241 0.153251
1 0.778 0.417402 0.181218 0.200808
1 0.335791 0.451566 0.139034 0.289461
2 0.780015 0.977738 0.0557982 0.0438076
1 0.985767 0.712477 0.0284656 0.192585
2 0.47527 0.207503 0.0611771 0.0614572
1 0.583016 0.022858 0.165702 0.0370472
1 0.0222606 0.526427 0.0332946 0.183567
1 0.175042 0.0251978 0.188013 0.0417969
1 0.984376 0.0458367 0.031247 0.0817021
1 0.589299 0.188539 0.15018 0.233816
1 0.0740091 0.990144 0.14463 0.0197114
