1 0.601554 0.883239 0.156649 0.215709
1 0.678858 0.684278 0.17644 0.204427
1 0.646465 0.479976 0.168702 0.199797
1 0.432787 0.846969 0.175073 0.211097
1 0.730551 0.15674 0.147291 0.188213
1 0.113073 0.253809 0.159215 0.205296
1 0.273367 0.243665 0.149762 0.18272
1 0.931299 0.945761 0.137242 0.108453
1 0.887786 0.699638 0.172879 0.203604
1 0.929299 0.20814 0.141403 0.252406
1 0.424075 0.139709 0.158722 0.210797
1 0.429211 0.579254 0.156734 0.18823
1 0.297639 0.0644982 0.162842 0.128996
1 0.539868 0.0701025 0.166362 0.140205
1 0.813489 0.547081 0.130475 0.159401
1 0.587499 0.2718 0.152912 0.241226
1 0.0707563 0.950729 0.141513 0.0985418
1 0.433296 0.363693 0.164177 0.250822
1 0.278893 0.924817 0.140224 0.150366
0 0.168013 0.659216 0.336026 0.481499
1 0.0210675 0.14905 0.0421351 0.218236
2 0.873557 0.0301534 0.0793156 0.0598209
1 0.0258146 0.791755 0.0515541 0.215967
1 0.049049 0.423246 0.0980981 0.203103
1 0.186936 0.92581 0.174828 0.147928
1 0.443211 0.986464 0.167641 0.0270713
