1 0.840967 0.164748 0.191748 0.241803
1 0.276481 0.3129 0.171071 0.209353
1 0.730715 0.779506 0.181462 0.213677
1 0.909665 0.414288 0.170959 0.226569
1 0.0819063 0.558749 0.163813 0.206337
1 0.622602 0.521087 0.145821 0.214285
1 0.77568 0.565722 0.159205 0.19188
1 0.538646 0.262296 0.178199 0.221639
1 0.385862 0.114279 0.195228 0.228421
1 0.73464 0.36294 0.169257 0.201028
1 0.935557 0.63335 0.128886 0.202004
1 0.903944 0.896936 0.17128 0.199089
1 0.163286 0.145442 0.168163 0.230892
1 0.415639 0.44494 0.167314 0.22257
1 0.182149 0.83993 0.148777 0.200953
1 0.559768 0.0793768 0.155975 0.158754
1 0.0418157 0.148444 0.0835369 0.223302
1 0.604703 0.912528 0.16536 0.174944
1 0.725025 0.0537984 0.169243 0.107432
0 0.405967 0.776375 0.34668 0.442381
1 0.919714 0.109441 0.160572 0.218882
1 0.0365296 0.805632 0.0730593 0.210836
1 0.223239 0.528266 0.155101 0.210646
1 0.154368 0.467773 0.164869 0.206817
1 0.1438 0.021699 0.176366 0.0432604
1 0.489771 0.469204 0.129813 0.195248
1 0.361477 0.044394 0.17213 0.088788
