1 0.908872 0.513463 0.182255 0.261538
1 0.0835537 0.908693 0.157456 0.182553
1 0.195545 0.153976 0.172292 0.224721
1 0.558562 0.825203 0.192513 0.231948
1 0.714846 0.0804257 0.180667 0.160798
1 0.845716 0.185244 0.188493 0.248738
1 0.306611 0.781537 0.224655 0.26273
1 0.111226 0.70691 0.152925 0.202363
1 0.161997 0.437955 0.178467 0.255816
1 0.929674 0.828987 0.140305 0.206302
1 0.328571 0.529409 0.183337 0.209663
1 0.594464 0.607699 0.157121 0.202727
1 0.757754 0.678075 0.200049 0.193951
1 0.0669891 0.0839917 0.133978 0.167983
1 0.519033 0.562679 0.176162 0.215891
0 0.485383 0.194173 0.359717 0.388345
1 0.406134 0.954968 0.200528 0.0900641
1 0.0586739 0.242929 0.117348 0.260525
1 0.957814 0.0356578 0.0841488 0.071311
1 0.918659 0.970779 0.161937 0.0583942
1 0.716484 0.40307 0.184942 0.279989
1 0.0160233 0.714358 0.0320465 0.267841
1 0.719162 0.36684 0.17317 0.219034
1 0.264754 0.332661 0.136792 0.198262
1 0.0162432 0.305579 0.0324383 0.230926
