1 0.652992 0.11156 0.263227 0.223039
1 0.662882 0.873756 0.241178 0.209031
1 0.338586 0.783837 0.25346 0.212447
1 0.823735 0.625943 0.233643 0.235824
1 0.0977615 0.781529 0.19537 0.228778
1 0.0700289 0.239079 0.140058 0.250179
1 0.947359 0.886444 0.105167 0.227112
1 0.238115 0.916703 0.226147 0.166594
1 0.946724 0.447509 0.106538 0.242162
0 0.504949 0.482931 0.442842 0.441194
1 0.446517 0.935654 0.231474 0.128441
1 0.0548412 0.897882 0.109682 0.204236
1 0.88755 0.0304906 0.224899 0.0609813
2 0.471622 0.17179 0.129686 0.120018
1 0.0267767 0.546517 0.0535319 0.249767
1 0.314889 0.0832872 0.185815 0.166574
1 0.161781 0.057085 0.281742 0.11417
1 0.943863 0.654601 0.112263 0.201273
1 0.461325 0.986354 0.222005 0.0272912
