1 0.0724573 0.568918 0.144648 0.24577
1 0.520577 0.1384 0.203401 0.209711
1 0.868931 0.155118 0.173094 0.218073
1 0.797658 0.913587 0.186635 0.172821
1 0.330657 0.798213 0.188116 0.214016
1 0.180575 0.394867 0.174406 0.18665
1 0.270341 0.538433 0.208827 0.224946
1 0.458291 0.426672 0.179101 0.210893
1 0.188035 0.828004 0.187971 0.173502
0 0.722876 0.655995 0.356557 0.454938
1 0.141517 0.0804805 0.182856 0.160915
1 0.640563 0.923073 0.164723 0.153626
1 0.367139 0.0296043 0.175525 0.0592085
1 0.320616 0.932682 0.185707 0.134624
1 0.953524 0.867544 0.0928981 0.225176
1 0.333418 0.26963 0.209647 0.235846
1 0.877075 0.441925 0.175432 0.203705
1 0.789023 0.056173 0.192189 0.112346
1 0.55539 0.275369 0.202752 0.194362
1 0.242327 0.129746 0.17629 0.234338
2 0.0184079 0.745856 0.0367533 0.0921748
2 0.460598 0.69398 0.0616781 0.0691839
1 0.0198279 0.0645733 0.0396559 0.129147
1 0.980308 0.0852625 0.0393832 0.169695
1 0.012168 0.185742 0.0242485 0.182317
0 0.978867 0.0844185 0.0422668 0.168837
