1 0.211861 0.103769 0.247017 0.207538
1 0.0919775 0.913795 0.183955 0.17241
1 0.866971 0.839202 0.198742 0.19842
1 0.274014 0.672212 0.212112 0.198875
1 0.738101 0.303755 0.223686 0.206257
1 0.0677962 0.393957 0.13444 0.233441
1 0.538344 0.934079 0.220381 0.131843
1 0.916135 0.116786 0.163568 0.222446
1 0.644383 0.779268 0.237924 0.204214
1 0.253244 0.349 0.215474 0.221409
1 0.350651 0.0656907 0.231658 0.131332
1 0.908222 0.451175 0.180997 0.218703
1 0.303323 0.953294 0.241532 0.0933296
0 0.514259 0.498687 0.373863 0.364289
1 0.838763 0.512066 0.199826 0.213198
1 0.034735 0.0931015 0.0676289 0.186203
1 0.798743 0.0173217 0.227408 0.0346214
1 0.0235553 0.602864 0.0471105 0.19355
1 0.798996 0.984848 0.204879 0.0303035
1 0.950731 0.976527 0.0948726 0.0469467
1 0.0509268 0.0138384 0.101472 0.0276323
1 0.050593 0.0200187 0.101186 0.0400373
