1 0.0886869 0.847624 0.177374 0.200949
1 0.907416 0.237579 0.180848 0.204201
1 0.135116 0.454963 0.258604 0.223432
1 0.45265 0.0573851 0.212497 0.11477
1 0.288272 0.175096 0.211258 0.243695
1 0.768976 0.380786 0.200609 0.23482
1 0.770352 0.0951811 0.189412 0.18727
1 0.206763 0.685745 0.201892 0.204937
1 0.610998 0.851943 0.22255 0.190565
1 0.936664 0.0588493 0.123155 0.117699
1 0.827254 0.630271 0.210956 0.228061
1 0.78348 0.925826 0.17726 0.146941
1 0.955103 0.446119 0.0864351 0.212696
1 0.0443455 0.248796 0.086742 0.22574
0 0.499779 0.537338 0.399543 0.424654
1 0.880034 0.978358 0.21572 0.0432849
1 0.641655 0.979814 0.233473 0.0403727
1 0.131227 0.988314 0.230652 0.0233729
1 0.357203 0.991732 0.20826 0.0165363
1 0.986034 0.909155 0.025076 0.180933
1 0.00831206 0.687232 0.0166241 0.225814
