1 0.497944 0.163186 0.267902 0.181189
1 0.801577 0.934782 0.201644 0.129939
1 0.333582 0.884659 0.196788 0.154846
1 0.265374 0.203961 0.206548 0.157499
1 0.286263 0.0721369 0.204696 0.132087
1 0.236493 0.833349 0.211109 0.171308
1 0.948413 0.926425 0.103173 0.14715
1 0.484341 0.778558 0.190082 0.17105
1 0.162423 0.653322 0.206187 0.174638
1 0.712434 0.800181 0.168569 0.154773
1 0.927582 0.772539 0.144681 0.150711
1 0.730097 0.0408508 0.211444 0.072553
0 0.84002 0.424774 0.319959 0.366388
1 0.0846699 0.612465 0.16934 0.15997
1 0.636585 0.513246 0.224839 0.148525
1 0.0292107 0.0859139 0.0584214 0.156274
1 0.890033 0.120984 0.218657 0.187001
1 0.547625 0.375696 0.214827 0.14975
1 0.19194 0.957757 0.23725 0.0844864
1 0.262434 0.437987 0.230379 0.174109
1 0.759048 0.654121 0.179029 0.140728
1 0.93073 0.657184 0.138541 0.145298
1 0.520835 0.4639 0.196885 0.152376
1 0.381154 0.713443 0.183602 0.166273
1 0.445741 0.641902 0.258582 0.16477
1 0.656289 0.990069 0.175478 0.0198614
1 0.674784 0.706279 0.181637 0.160696
