1 0.281268 0.811841 0.229978 0.229379
1 0.671624 0.207053 0.238574 0.230154
1 0.09196 0.899289 0.18392 0.200582
1 0.232747 0.371212 0.208578 0.201314
1 0.80315 0.923676 0.217115 0.152647
1 0.804061 0.370746 0.231258 0.251062
1 0.0533076 0.701328 0.106615 0.216551
1 0.939045 0.0513719 0.119112 0.102744
1 0.867554 0.621205 0.234612 0.242975
1 0.545076 0.955869 0.219034 0.0882629
1 0.19732 0.584008 0.234987 0.240073
1 0.511916 0.803878 0.218494 0.194405
0 0.501255 0.500828 0.372483 0.401725
1 0.956641 0.315674 0.0827118 0.251845
1 0.0553686 0.439123 0.110737 0.271714
1 0.62104 0.046294 0.237172 0.092588
1 0.959913 0.881688 0.0764147 0.221544
2 0.784837 0.0373636 0.0968539 0.0740507
1 0.233366 0.962671 0.241611 0.0746576
1 0.405081 0.00594357 0.24501 0.011811
