1 0.0904854 0.804247 0.180971 0.21195
1 0.21228 0.324036 0.224911 0.228085
1 0.835184 0.815317 0.217109 0.271592
1 0.789818 0.266157 0.23832 0.227812
1 0.259663 0.676021 0.234194 0.243191
1 0.0705922 0.479541 0.141184 0.214069
1 0.594507 0.874249 0.250534 0.251465
1 0.900899 0.106279 0.196561 0.212558
1 0.746525 0.67096 0.253345 0.23049
1 0.524691 0.107218 0.249585 0.214435
1 0.577444 0.24134 0.17468 0.196595
1 0.939961 0.415429 0.116307 0.222356
1 0.380288 0.937853 0.210873 0.124294
2 0.253233 0.0633377 0.09969 0.0957264
0 0.496579 0.509913 0.343345 0.351199
2 0.723062 0.512382 0.0830861 0.0835588
1 0.964 0.677464 0.0687498 0.223917
1 0.773446 0.0479381 0.243044 0.0958762
1 0.0534025 0.967491 0.102862 0.0650182
2 0.432368 0.258554 0.106638 0.10982
1 0.930678 0.988183 0.134878 0.0235794
