1 0.682196 0.637321 0.230282 0.204829
1 0.757658 0.473257 0.242868 0.196013
1 0.452222 0.912357 0.220984 0.175287
1 0.0743257 0.939476 0.148651 0.121048
1 0.049757 0.557645 0.09942 0.15297
1 0.909482 0.807755 0.181036 0.219994
0 0.489435 0.345128 0.468345 0.338422
1 0.0564434 0.256301 0.112887 0.150515
1 0.925251 0.0462422 0.149498 0.0832335
1 0.305399 0.152096 0.218176 0.138302
1 0.222376 0.516511 0.215473 0.162773
1 0.150658 0.252818 0.192758 0.19401
1 0.923686 0.972978 0.152627 0.0540446
1 0.380031 0.640621 0.19684 0.17369
1 0.952702 0.434011 0.0945956 0.247824
1 0.266094 0.955794 0.220611 0.0883251
1 0.661504 0.14101 0.187585 0.151743
1 0.0193584 0.0879612 0.0385813 0.144925
1 0.243805 0.766773 0.251635 0.177232
1 0.907899 0.662053 0.184157 0.1635
1 0.861466 0.270838 0.230319 0.167234
1 0.0908931 0.055366 0.176652 0.101171
1 0.167041 0.451412 0.209487 0.154555
1 0.988897 0.185602 0.0222065 0.175638
1 0.0124878 0.76001 0.0248434 0.175292
1 0.310019 0.0297016 0.214091 0.0488365
1 0.654463 0.0429203 0.204674 0.0758431
1 0.627672 0.101145 0.245339 0.162921
