1 0.846772 0.444415 0.214464 0.240092
1 0.811764 0.904691 0.243079 0.190619
1 0.878487 0.677194 0.243025 0.242125
1 0.19079 0.258071 0.253707 0.256473
1 0.142026 0.918579 0.260189 0.162841
1 0.930024 0.23052 0.136203 0.25351
1 0.132673 0.531453 0.207789 0.282741
1 0.255823 0.722441 0.240425 0.254076
1 0.0599443 0.741671 0.119308 0.229968
1 0.667874 0.106366 0.226207 0.212733
2 0.734671 0.359928 0.084832 0.0992756
1 0.468013 0.85538 0.307775 0.271439
2 0.697752 0.710609 0.0941374 0.0851398
0 0.501346 0.502145 0.42442 0.402659
0 0.388109 0.0603689 0.365612 0.120738
1 0.595941 0.200729 0.251594 0.199188
1 0.839014 0.0240106 0.231281 0.0480212
1 0.939524 0.0465986 0.116799 0.0930519
2 0.629544 0.979249 0.0862581 0.0415016
1 0.278443 0.942175 0.21293 0.115634
1 0.975387 0.952701 0.0463964 0.094421
