1 0.370781 0.0927676 0.247099 0.185535
1 0.814475 0.336858 0.260635 0.265751
1 0.853964 0.627689 0.278147 0.262169
1 0.736618 0.110127 0.23159 0.220197
1 0.877205 0.872872 0.245458 0.254091
1 0.458678 0.8301 0.243723 0.258476
1 0.118649 0.797562 0.236908 0.240808
1 0.195016 0.673892 0.228828 0.262476
1 0.247113 0.958895 0.247054 0.0820774
1 0.0655461 0.478154 0.131092 0.278166
0 0.502268 0.506754 0.467434 0.449347
1 0.0647994 0.197887 0.129571 0.265056
1 0.128662 0.0386499 0.25298 0.0771139
1 0.56349 0.966586 0.256807 0.0668274
1 0.0474555 0.948896 0.0947973 0.102197
1 0.942375 0.370717 0.115106 0.242026
1 0.973932 0.0649691 0.0521353 0.129804
1 0.0167658 0.102317 0.0335316 0.204635
1 0.585331 0.0109913 0.246988 0.0219826
