1 0.587002 0.0797061 0.185563 0.159246
1 0.651303 0.189592 0.209921 0.226151
1 0.346983 0.397517 0.185871 0.203449
1 0.325809 0.616624 0.180761 0.175924
1 0.230366 0.784187 0.212496 0.225982
1 0.605285 0.94539 0.215067 0.109221
1 0.550943 0.399539 0.184959 0.220441
1 0.90809 0.620977 0.158601 0.227805
1 0.297501 0.179963 0.176632 0.256915
0 0.64117 0.691309 0.339963 0.442738
1 0.318424 0.957572 0.191519 0.0848563
1 0.142583 0.494774 0.193392 0.198513
1 0.84326 0.0790448 0.189235 0.157543
1 0.768464 0.40272 0.177648 0.264298
1 0.40315 0.804028 0.185229 0.277207
1 0.0434442 0.353345 0.086869 0.194311
1 0.933683 0.818656 0.132521 0.202204
1 0.0274537 0.871359 0.0549075 0.223315
1 0.172967 0.0798283 0.176992 0.159329
1 0.109069 0.273182 0.218137 0.213725
1 0.0150522 0.126245 0.0300642 0.222422
1 0.972592 0.460122 0.0548153 0.214535
1 0.941035 0.234451 0.117699 0.227414
1 0.16124 0.592603 0.162949 0.144255
1 0.891055 0.216444 0.152534 0.185875
1 0.966469 0.8243 0.0669357 0.207079
