1 0.831305 0.857708 0.240953 0.244629
1 0.933322 0.665856 0.133356 0.230249
1 0.860589 0.476473 0.241631 0.257808
1 0.803358 0.136128 0.240209 0.248973
1 0.68798 0.655466 0.224327 0.260473
1 0.472356 0.776315 0.278407 0.245763
1 0.203901 0.469713 0.246383 0.264359
1 0.341859 0.0517678 0.248787 0.103536
1 0.95828 0.30016 0.0834401 0.240976
1 0.175444 0.299566 0.254891 0.258127
1 0.144512 0.731146 0.225771 0.257939
1 0.52384 0.925945 0.218544 0.148064
1 0.127664 0.928693 0.253878 0.142614
0 0.553378 0.463821 0.488082 0.465619
1 0.0785794 0.828678 0.157159 0.24902
1 0.701778 0.980793 0.229385 0.0384149
