1 0.639345 0.736956 0.25829 0.208605
1 0.0672177 0.108973 0.122928 0.169927
1 0.870204 0.465581 0.205143 0.197394
1 0.43505 0.962795 0.216632 0.0744072
1 0.648004 0.0590548 0.225665 0.117483
1 0.878437 0.866099 0.23929 0.196994
0 0.369622 0.455007 0.467697 0.382424
1 0.883141 0.668856 0.233135 0.185428
1 0.396679 0.213532 0.257284 0.157404
1 0.110388 0.374739 0.204618 0.206388
1 0.794257 0.967241 0.217964 0.065519
1 0.225228 0.890888 0.240034 0.181727
1 0.292905 0.0709042 0.226118 0.141206
1 0.502279 0.1344 0.206136 0.15686
1 0.129442 0.978085 0.226517 0.043831
1 0.247118 0.694097 0.210996 0.158196
1 0.937337 0.168496 0.125269 0.168454
1 0.783481 0.215788 0.24099 0.149732
1 0.77069 0.0180824 0.177673 0.0361647
1 0.141031 0.0272191 0.196916 0.0544383
1 0.827731 0.306592 0.205053 0.12568
1 0.0453705 0.446386 0.0841813 0.192528
