1 0.505223 0.511865 0.148932 0.208519
1 0.343105 0.712677 0.16306 0.207756
1 0.507372 0.241716 0.18236 0.211099
1 0.791576 0.266956 0.165822 0.208359
1 0.942871 0.222307 0.114096 0.196924
1 0.916835 0.444745 0.166329 0.233205
1 0.88912 0.0686768 0.186878 0.137282
1 0.041263 0.0869917 0.0822084 0.173983
1 0.201401 0.123362 0.151585 0.196517
1 0.569993 0.702015 0.143962 0.187948
1 0.197015 0.349048 0.161013 0.219277
0 0.7626 0.794941 0.368471 0.410118
1 0.321971 0.906138 0.165339 0.187723
1 0.651544 0.44855 0.153264 0.199449
1 0.0343159 0.865693 0.0686318 0.215194
1 0.411433 0.92088 0.159866 0.15824
1 0.512445 0.902892 0.162462 0.188555
1 0.161417 0.920577 0.17595 0.158828
1 0.214698 0.542228 0.185297 0.198138
1 0.0552415 0.62119 0.110358 0.260082
1 0.554247 0.0256337 0.18685 0.051248
1 0.31458 0.397819 0.157222 0.22087
1 0.757117 0.0198815 0.150975 0.0396741
1 0.396696 0.403246 0.151032 0.200292
1 0.253591 0.0145711 0.141509 0.0290221
1 0.144783 0.0710569 0.131719 0.142114
1 0.152684 0.646033 0.130058 0.207399
1 0.859039 0.545386 0.135334 0.164464
2 0.625082 0.972837 0.05131 0.0531827
1 0.960562 0.0277846 0.0788753 0.0555693
1 0.555339 0.990142 0.160611 0.0197158
