1 0.718573 0.77573 0.222122 0.226408
1 0.201382 0.236335 0.254939 0.23145
1 0.529213 0.895111 0.227383 0.209778
1 0.259707 0.837919 0.216572 0.246649
1 0.754146 0.323958 0.199428 0.239913
1 0.117535 0.421234 0.223009 0.227117
1 0.920905 0.926375 0.155742 0.147251
1 0.266436 0.0538195 0.252494 0.107639
1 0.335611 0.699603 0.201442 0.189402
0 0.49725 0.498156 0.376282 0.367294
1 0.0684287 0.727429 0.136736 0.225483
2 0.845201 0.615419 0.126445 0.109592
1 0.963331 0.759937 0.0686202 0.20688
1 0.305611 0.982464 0.215275 0.0350729
1 0.0232572 0.948768 0.0465144 0.102208
1 0.910903 0.0194413 0.171471 0.0388826
1 0.0153393 0.510543 0.0306785 0.224771
