1 0.240136 0.350693 0.232966 0.220664
1 0.91622 0.154651 0.16756 0.231563
1 0.838089 0.7469 0.224912 0.251242
1 0.760699 0.893825 0.212426 0.212351
1 0.179945 0.569408 0.213601 0.221777
1 0.192994 0.826634 0.223984 0.212522
1 0.920888 0.925904 0.158225 0.148192
1 0.567823 0.947145 0.227233 0.105711
1 0.352241 0.784259 0.251121 0.244222
1 0.501318 0.21852 0.245567 0.223875
0 0.504389 0.514325 0.351272 0.348816
1 0.962246 0.595768 0.0755079 0.224387
1 0.228782 0.07888 0.244811 0.157189
1 0.866348 0.363278 0.225293 0.198437
1 0.833131 0.498627 0.217959 0.216292
1 0.0546169 0.107856 0.109209 0.215206
1 0.0741261 0.931504 0.148222 0.136991
1 0.416362 0.125221 0.226278 0.222486
1 0.0375137 0.622052 0.0749851 0.239463
1 0.0331777 0.36368 0.0663553 0.258679
1 0.334223 0.978321 0.244612 0.0433513
1 0.9931 0.793779 0.0138011 0.235465
1 0.129581 0.0172564 0.232287 0.0343663
