1 0.453688 0.569853 0.19127 0.229256
1 0.266325 0.565759 0.180006 0.248021
1 0.361559 0.102869 0.157473 0.204924
1 0.942108 0.684726 0.115784 0.220485
1 0.915112 0.0545082 0.161718 0.108972
1 0.111802 0.824665 0.178461 0.231355
1 0.181225 0.0871748 0.174692 0.173666
1 0.657464 0.808123 0.172378 0.229999
1 0.826114 0.925356 0.204518 0.149287
1 0.128006 0.42838 0.160701 0.22082
1 0.178679 0.311287 0.195008 0.241266
1 0.790242 0.625235 0.188081 0.213306
1 0.96594 0.414745 0.0681004 0.207775
1 0.282942 0.931009 0.174222 0.137922
1 0.629365 0.571179 0.164075 0.196883
1 0.812211 0.491693 0.177382 0.20255
1 0.0319167 0.0934486 0.0637652 0.186252
1 0.600059 0.959003 0.215753 0.0817914
1 0.285662 0.844485 0.153968 0.215609
1 0.745113 0.0892642 0.182152 0.178528
0 0.564657 0.298806 0.336609 0.449472
1 0.0265362 0.549747 0.0530723 0.209994
1 0.0872209 0.938375 0.171295 0.122769
1 0.556379 0.784692 0.155587 0.181747
1 0.124525 0.0358396 0.175585 0.0716792
1 0.468977 0.0207896 0.168459 0.0414962
1 0.00805832 0.806258 0.0160749 0.216459
1 0.967618 0.985321 0.0647636 0.0293579
