1 0.184036 0.423505 0.230117 0.255848
1 0.329883 0.866694 0.249529 0.243024
1 0.912534 0.200406 0.170482 0.217824
1 0.363624 0.107542 0.245756 0.214652
1 0.115899 0.680902 0.228224 0.252286
1 0.11171 0.150964 0.219693 0.2248
1 0.933395 0.700687 0.12873 0.233261
1 0.685253 0.234767 0.228106 0.212111
1 0.749978 0.845355 0.26138 0.217247
1 0.955265 0.464857 0.0844927 0.22891
1 0.520034 0.968328 0.223578 0.0633435
1 0.0255993 0.903565 0.0511987 0.19157
0 0.502164 0.514183 0.345522 0.400118
1 0.745148 0.988826 0.241939 0.022349
