1 0.082918 0.0845821 0.165836 0.16914
1 0.271004 0.346471 0.223932 0.242835
1 0.74253 0.494023 0.204406 0.248595
1 0.11226 0.297681 0.217245 0.250387
1 0.678186 0.733901 0.241974 0.225863
1 0.450965 0.119237 0.243319 0.215277
1 0.938929 0.180171 0.122143 0.238597
1 0.186766 0.898391 0.24155 0.202975
1 0.575085 0.918904 0.256454 0.162192
1 0.928164 0.94906 0.143505 0.101879
1 0.561138 0.283052 0.269034 0.193036
1 0.0689718 0.883529 0.137937 0.22831
1 0.0520702 0.528241 0.10414 0.22649
1 0.764129 0.9555 0.158607 0.0889991
0 0.477424 0.532387 0.387481 0.404496
1 0.97775 0.415154 0.0444995 0.223058
2 0.561155 0.0388627 0.097159 0.0777253
1 0.992232 0.856994 0.0155355 0.236375
1 0.00821849 0.701562 0.016437 0.191706
