1 0.872104 0.830711 0.18257 0.23418
1 0.806707 0.0782133 0.183344 0.156272
1 0.280763 0.533331 0.163241 0.222719
1 0.207502 0.17771 0.177531 0.237615
1 0.0406169 0.124694 0.0812168 0.20112
1 0.879584 0.493359 0.179415 0.216421
1 0.62566 0.0666983 0.181007 0.133397
1 0.138796 0.415513 0.155838 0.207918
1 0.941045 0.675086 0.117849 0.201577
0 0.444799 0.33641 0.327435 0.420133
1 0.192444 0.880247 0.155247 0.199408
1 0.19305 0.742377 0.156984 0.201188
1 0.966111 0.110957 0.0677565 0.211453
1 0.627697 0.846041 0.153661 0.210014
1 0.113164 0.56039 0.171053 0.211494
1 0.957212 0.325463 0.0855765 0.235679
1 0.710827 0.485793 0.177324 0.244323
1 0.0229054 0.544963 0.0458107 0.214845
1 0.0306718 0.82583 0.0613436 0.2362
1 0.342139 0.0705804 0.148721 0.140603
2 0.846882 0.303004 0.0632278 0.0803329
1 0.670617 0.978149 0.162285 0.0437029
1 0.0412898 0.312993 0.0824992 0.18571
1 0.985467 0.842486 0.0290653 0.194772
1 0.366499 0.842907 0.138742 0.184375
1 0.339005 0.975741 0.154069 0.0485032
1 0.618252 0.630368 0.146345 0.204204
1 0.298381 0.802242 0.143051 0.182442
2 0.19852 0.0435742 0.0516545 0.0675038
1 0.452039 0.984185 0.158304 0.0316308
1 0.0774343 0.00864875 0.135708 0.0171665
1 0.18844 0.972986 0.163562 0.0533878
1 0.430072 0.0644719 0.148114 0.128944
1 0.506948 0.623464 0.169873 0.209282
1 0.554576 0.0241561 0.13981 0.048172
1 0.560763 0.843696 0.123352 0.201642
