1 0.710391 0.877527 0.169582 0.234925
1 0.873416 0.783893 0.175453 0.230634
1 0.31295 0.819803 0.219607 0.263997
1 0.926278 0.559387 0.147338 0.222598
1 0.878414 0.282774 0.171005 0.249467
1 0.539321 0.146464 0.162871 0.209646
1 0.684483 0.374915 0.18475 0.235974
1 0.727057 0.071177 0.165837 0.142257
1 0.105139 0.224423 0.181116 0.220215
1 0.379758 0.0792327 0.17776 0.158465
1 0.0949232 0.42065 0.189846 0.245954
1 0.533498 0.86655 0.172962 0.209589
1 0.515986 0.689788 0.210004 0.219463
1 0.271548 0.598113 0.18884 0.181259
1 0.178812 0.0520233 0.190739 0.10384
0 0.394689 0.395398 0.403999 0.495088
1 0.98126 0.388999 0.0374809 0.21131
1 0.0187793 0.590385 0.0375587 0.22204
2 0.0413086 0.0732624 0.0776189 0.101942
1 0.62662 0.973985 0.132825 0.0520301
1 0.0175388 0.0407457 0.0349122 0.0811683
1 0.987417 0.0332875 0.0251589 0.066575
