1 0.433873 0.76157 0.214014 0.174419
2 0.634718 0.0920895 0.135457 0.109965
1 0.0720798 0.418337 0.136026 0.182693
1 0.681698 0.446665 0.227197 0.188104
1 0.492342 0.903114 0.20281 0.152687
1 0.432603 0.138642 0.227586 0.149987
1 0.267992 0.867616 0.21968 0.199616
1 0.0662688 0.651446 0.123328 0.161657
0 0.337602 0.484477 0.405102 0.314046
1 0.94759 0.0467783 0.10449 0.0935567
1 0.94714 0.170109 0.105604 0.134144
1 0.847854 0.864355 0.220721 0.137831
1 0.249933 0.256809 0.204795 0.159737
1 0.924976 0.304014 0.149913 0.154379
1 0.900562 0.670367 0.198041 0.204109
1 0.716111 0.872537 0.186856 0.16438
1 0.926527 0.501378 0.146817 0.162265
1 0.0371508 0.849193 0.0698045 0.221641
1 0.0673491 0.241636 0.127858 0.178762
1 0.154853 0.970173 0.232839 0.0596548
1 0.693671 0.688364 0.189353 0.160417
1 0.960072 0.942181 0.0798563 0.115637
1 0.788781 0.95887 0.206271 0.0822607
1 0.286553 0.0489189 0.198094 0.0977832
1 0.596478 0.678386 0.200307 0.188358
1 0.75286 0.203881 0.278257 0.220265
2 0.13295 0.899087 0.0699134 0.0642675
1 0.0947405 0.0475946 0.170232 0.0951892
1 0.0667623 0.0478792 0.126144 0.0957584
