1 0.800983 0.119703 0.218261 0.228261
1 0.171108 0.919019 0.203173 0.161962
1 0.302009 0.168846 0.241885 0.220679
1 0.898985 0.330457 0.196824 0.197187
1 0.829288 0.543704 0.182784 0.191307
1 0.929183 0.934441 0.138525 0.131118
1 0.551507 0.10709 0.232684 0.207882
1 0.612631 0.922218 0.216793 0.155563
1 0.175685 0.47831 0.179655 0.2109
1 0.452169 0.82662 0.201245 0.177271
1 0.269636 0.719547 0.187321 0.182121
1 0.85194 0.765581 0.22296 0.197613
1 0.638686 0.810043 0.175681 0.196603
2 0.314682 0.863722 0.108163 0.0995102
1 0.0399205 0.395145 0.0798409 0.184486
0 0.503488 0.502708 0.458242 0.451675
2 0.0948022 0.0831192 0.157419 0.154948
1 0.035897 0.82142 0.0708886 0.213521
1 0.363616 0.971695 0.192511 0.0566104
1 0.925621 0.0290222 0.147458 0.0579064
1 0.962013 0.510334 0.0731578 0.208832
1 0.923823 0.720012 0.150629 0.206171
2 0.787773 0.974359 0.0939244 0.0512819
1 0.186231 0.0119228 0.21994 0.0237252
1 0.0183319 0.963246 0.0345165 0.0733295
1 0.0122543 0.610348 0.0245086 0.199042
1 0.00901143 0.163819 0.0180229 0.199527
