1 0.154344 0.10161 0.198369 0.203219
1 0.0587579 0.265605 0.117516 0.216603
1 0.475582 0.214068 0.186178 0.240273
1 0.923375 0.910842 0.15325 0.178315
1 0.732406 0.861795 0.178931 0.221069
1 0.213414 0.314875 0.196634 0.203056
1 0.383189 0.0563214 0.171444 0.11256
1 0.664006 0.103475 0.208987 0.19705
1 0.882565 0.149027 0.214606 0.224943
1 0.161583 0.432413 0.17728 0.229548
1 0.036311 0.903141 0.072622 0.193718
0 0.661322 0.526043 0.379217 0.480505
1 0.291186 0.670937 0.195278 0.222116
1 0.917618 0.372982 0.16417 0.191596
1 0.622442 0.969437 0.173818 0.0611253
1 0.877077 0.742472 0.144678 0.195185
1 0.61296 0.0415153 0.172577 0.0827204
1 0.40555 0.97706 0.17558 0.0458138
1 0.216436 0.88375 0.22478 0.230717
1 0.989526 0.52407 0.0209481 0.225662
1 0.859551 0.00618219 0.177803 0.0123079
1 0.859156 0.443898 0.159838 0.232722
