1 0.800854 0.351018 0.189626 0.212218
1 0.831163 0.938568 0.192905 0.122865
1 0.590923 0.255426 0.163282 0.218025
1 0.066046 0.67027 0.132092 0.171113
1 0.677067 0.530527 0.169523 0.203328
1 0.525227 0.429375 0.15231 0.194431
0 0.305832 0.175493 0.31233 0.350986
1 0.178287 0.770579 0.160651 0.204847
1 0.077874 0.13889 0.155748 0.277053
1 0.275375 0.450574 0.168656 0.212188
1 0.354533 0.905545 0.169374 0.188696
1 0.507501 0.739496 0.140792 0.191908
1 0.84373 0.0910994 0.165095 0.180826
1 0.783342 0.725182 0.163162 0.221712
1 0.353024 0.67093 0.163138 0.210291
1 0.576444 0.78338 0.162096 0.221837
1 0.950237 0.213856 0.0995251 0.226503
1 0.973881 0.782145 0.0522385 0.206423
1 0.0541118 0.876261 0.108224 0.217985
1 0.0146398 0.499231 0.0292795 0.212224
1 0.109991 0.901115 0.163669 0.197771
1 0.413983 0.556149 0.165809 0.206361
1 0.675082 0.0769871 0.174759 0.153504
1 0.257652 0.920412 0.151855 0.158967
1 0.49587 0.970288 0.171968 0.0593098
1 0.651775 0.901196 0.149318 0.195667
1 0.591245 0.0731922 0.148853 0.146384
1 0.786229 0.0370025 0.170181 0.0739978
1 0.0170326 0.270562 0.033999 0.242704
1 0.813793 0.611983 0.194921 0.126071
