1 0.104264 0.123156 0.184536 0.210913
1 0.108364 0.744933 0.169811 0.221796
1 0.635051 0.624289 0.159097 0.204945
1 0.826661 0.133796 0.165909 0.190448
1 0.568729 0.437733 0.150463 0.214173
0 0.414799 0.239939 0.295259 0.389867
1 0.958808 0.087747 0.082032 0.175494
1 0.810654 0.603004 0.143416 0.213439
0 0.262856 0.840205 0.340419 0.319589
1 0.158075 0.308132 0.164902 0.208923
1 0.565783 0.732576 0.155288 0.208241
1 0.928556 0.279104 0.142887 0.179023
1 0.836567 0.875509 0.155039 0.186086
1 0.962019 0.844742 0.0759205 0.210764
1 0.0237464 0.883975 0.0474927 0.200338
1 0.363188 0.539529 0.192473 0.240108
1 0.0712189 0.410558 0.140993 0.191087
1 0.943127 0.633556 0.113747 0.185242
2 0.464687 0.587005 0.0559675 0.0730985
1 0.845271 0.0495411 0.156517 0.0990823
1 0.765474 0.306591 0.161219 0.189111
1 0.678154 0.335031 0.147744 0.17616
1 0.261799 0.413539 0.134825 0.1532
1 0.0200671 0.312316 0.0401342 0.191044
2 0.101804 0.0115933 0.058453 0.0231866
1 0.655442 0.820337 0.152304 0.18416
1 0.679641 0.933341 0.144342 0.133319
1 0.946762 0.976327 0.106476 0.0473464
1 0.655839 0.076894 0.159342 0.153395
1 0.0821622 0.984559 0.154172 0.0308814
1 0.660399 0.104479 0.160029 0.208959
1 0.815004 0.98528 0.160479 0.02924
1 0.0233263 0.579201 0.0466526 0.245701
1 0.480655 0.984775 0.17799 0.0304508
1 0.204474 0.200943 0.134058 0.148841
1 0.569211 0.0593507 0.103869 0.118701
1 0.675469 0.138089 0.142768 0.169763
1 0.0637844 0.568139 0.117118 0.139623
1 0.0354026 0.00759878 0.0708053 0.0151976
