1 0.289667 0.306699 0.207006 0.207476
1 0.74557 0.150182 0.207906 0.221124
1 0.170835 0.846034 0.221321 0.230566
1 0.0974858 0.17707 0.194751 0.208264
1 0.730235 0.90561 0.194829 0.188264
1 0.194031 0.521276 0.202326 0.210794
1 0.928386 0.107158 0.138979 0.208403
1 0.271607 0.0572754 0.209733 0.11449
1 0.533865 0.83811 0.222826 0.187887
1 0.874985 0.392704 0.242439 0.246997
1 0.0684851 0.656014 0.135471 0.195231
1 0.0648967 0.41765 0.128817 0.202544
0 0.515491 0.540808 0.387712 0.392127
1 0.513067 0.96932 0.2365 0.0613602
2 0.502937 0.0381073 0.0943761 0.0757938
1 0.98247 0.661543 0.0310991 0.20627
1 0.264115 0.989635 0.189126 0.0207308
