1 0.0917327 0.260575 0.183465 0.210965
1 0.682091 0.314257 0.230142 0.2132
1 0.731737 0.816675 0.226661 0.240152
1 0.241588 0.586397 0.207516 0.204025
1 0.325687 0.271661 0.240721 0.223455
1 0.286593 0.924806 0.225947 0.150288
1 0.147826 0.764847 0.247181 0.193945
1 0.53389 0.158237 0.199554 0.179018
1 0.828678 0.574581 0.238784 0.21049
1 0.852693 0.179046 0.234969 0.179666
1 0.287459 0.0738956 0.230551 0.147626
1 0.953742 0.711919 0.0874587 0.213146
0 0.502996 0.504082 0.309287 0.28197
1 0.129257 0.940065 0.252831 0.119871
1 0.768881 0.0259499 0.232583 0.0518076
1 0.505305 0.0269979 0.230849 0.0538945
1 0.972067 0.443418 0.0505118 0.232642
1 0.0197147 0.532581 0.0394295 0.215298
1 0.98277 0.0396722 0.0316862 0.0793444
