1 0.115899 0.0947992 0.231798 0.189598
1 0.901895 0.197888 0.189843 0.252059
1 0.486535 0.112934 0.242001 0.225784
1 0.889215 0.4427 0.217037 0.261631
1 0.279648 0.258486 0.22033 0.258651
1 0.6865 0.255156 0.217793 0.225068
1 0.735685 0.617429 0.226627 0.237365
0 0.485523 0.508155 0.332957 0.344923
1 0.175905 0.484088 0.257891 0.223749
1 0.919999 0.919888 0.155107 0.160224
1 0.0813104 0.296469 0.161946 0.223716
1 0.264338 0.679727 0.222726 0.223924
1 0.653895 0.939971 0.237151 0.119978
1 0.728116 0.0446016 0.257383 0.0889697
1 0.44667 0.846256 0.184812 0.267224
1 0.945722 0.69079 0.104225 0.239942
1 0.141685 0.814327 0.278289 0.258926
1 0.0304253 0.651015 0.0608507 0.223919
