1 0.731407 0.109783 0.260931 0.184135
1 0.570915 0.480099 0.236895 0.185478
1 0.259833 0.29804 0.234601 0.202428
1 0.517232 0.293007 0.234593 0.167764
1 0.852046 0.474593 0.239888 0.198602
0 0.329063 0.764263 0.446576 0.354055
1 0.934296 0.140596 0.131408 0.165868
1 0.918668 0.312219 0.162586 0.196073
1 0.0821744 0.276572 0.156896 0.212231
1 0.456918 0.127615 0.258303 0.191929
1 0.945328 0.907234 0.109345 0.185531
1 0.835096 0.954199 0.223812 0.0915505
1 0.721763 0.619959 0.237574 0.202948
1 0.21573 0.0989833 0.214659 0.197422
1 0.635738 0.865673 0.24622 0.175575
1 0.915038 0.031382 0.169925 0.0627639
1 0.641022 0.966842 0.238313 0.0663168
1 0.504909 0.0437854 0.256413 0.087331
1 0.131996 0.933466 0.251187 0.13295
1 0.642351 0.706865 0.182293 0.173534
1 0.0677766 0.0650843 0.125735 0.130169
