1 0.919825 0.935924 0.160296 0.128152
1 0.127824 0.516695 0.253517 0.257502
1 0.897247 0.504692 0.20423 0.233955
1 0.221985 0.839995 0.221215 0.237678
1 0.221356 0.198293 0.249739 0.25893
1 0.689209 0.83404 0.236244 0.24644
1 0.793564 0.322776 0.219247 0.259501
1 0.783795 0.111783 0.26115 0.222686
1 0.361655 0.952277 0.232089 0.0954459
1 0.947097 0.222281 0.10577 0.266207
1 0.209138 0.0375224 0.267674 0.0748459
1 0.0490277 0.119918 0.098029 0.23911
1 0.0458438 0.305495 0.0916876 0.255529
1 0.468505 0.181822 0.245761 0.233563
1 0.456352 0.0666156 0.238899 0.133231
1 0.0492837 0.679012 0.0984858 0.239283
0 0.499805 0.541853 0.501294 0.625491
1 0.953029 0.714324 0.0939281 0.265754
1 0.0617367 0.810945 0.123473 0.217644
1 0.884498 0.74542 0.208315 0.241395
1 0.6581 0.973783 0.267638 0.0524337
1 0.103345 0.992471 0.20669 0.0150566
