1 0.253436 0.165853 0.232196 0.242725
1 0.376641 0.8737 0.210757 0.252601
1 0.923262 0.57687 0.153475 0.225477
1 0.716907 0.639741 0.187013 0.23114
1 0.147992 0.843748 0.235186 0.245588
1 0.691936 0.0806914 0.241321 0.161186
1 0.581284 0.24651 0.234073 0.213961
1 0.867238 0.227934 0.209977 0.228444
1 0.124873 0.589641 0.231673 0.249882
1 0.600611 0.845533 0.200802 0.203241
1 0.0695917 0.235932 0.139158 0.252035
1 0.943425 0.894245 0.113149 0.209771
1 0.174652 0.0768235 0.224426 0.153647
0 0.451482 0.538555 0.421097 0.461702
1 0.84943 0.954148 0.226 0.0916677
1 0.988752 0.183961 0.0224635 0.233293
1 0.0101229 0.830919 0.0202458 0.216216
