1 0.171643 0.74882 0.167199 0.214179
1 0.340295 0.349085 0.176365 0.218483
1 0.305981 0.0992092 0.154744 0.183242
1 0.45393 0.0853034 0.147114 0.170607
1 0.878654 0.528154 0.165446 0.198955
1 0.829707 0.319639 0.165587 0.214348
1 0.247236 0.287597 0.171129 0.227405
1 0.0547861 0.54252 0.109572 0.242931
1 0.373247 0.548967 0.176779 0.211786
1 0.329145 0.791267 0.157609 0.240361
1 0.673127 0.424563 0.183745 0.255871
1 0.477135 0.597743 0.182259 0.212852
1 0.843911 0.959001 0.160538 0.0819987
1 0.979009 0.592828 0.0419816 0.213064
1 0.530798 0.820576 0.136194 0.236171
0 0.711757 0.750384 0.317937 0.417697
1 0.128396 0.973284 0.152334 0.0534321
1 0.959058 0.366876 0.0818844 0.213927
1 0.161966 0.0318436 0.176051 0.0635603
1 0.46002 0.741657 0.17556 0.195312
2 0.596968 0.942795 0.0579464 0.0647695
1 0.0129345 0.212796 0.0258624 0.238659
1 0.0211253 0.0452503 0.0421164 0.0898993
1 0.937952 0.0487645 0.124096 0.097529
1 0.577913 0.10375 0.164858 0.195818
1 0.375956 0.94177 0.138224 0.11646
1 0.441745 0.951957 0.135717 0.0960528
1 0.968685 0.092632 0.0624758 0.185264
1 0.264434 0.986721 0.134394 0.0265573
1 0.589243 0.15557 0.183431 0.296879
1 0.402019 0.944222 0.185374 0.111194
1 0.603004 0.203323 0.188074 0.204651
1 0.937193 0.354422 0.115651 0.216988
1 0.990991 0.937986 0.0179317 0.123687
