1 0.900905 0.324811 0.166154 0.217001
1 0.39143 0.8053 0.167644 0.211331
1 0.460191 0.139784 0.161789 0.190062
1 0.337311 0.318937 0.169766 0.242184
1 0.555451 0.632507 0.171666 0.223411
1 0.0612624 0.874488 0.122525 0.186071
1 0.181948 0.109293 0.153877 0.191488
1 0.706842 0.563527 0.163077 0.189379
1 0.744506 0.750284 0.179445 0.204176
1 0.537133 0.318662 0.20737 0.171418
1 0.688792 0.0653219 0.168155 0.130355
1 0.95579 0.814162 0.0884207 0.199587
1 0.355693 0.595328 0.173522 0.181115
1 0.890341 0.503918 0.156508 0.207234
0 0.130685 0.388317 0.261369 0.412748
1 0.710316 0.429703 0.171566 0.205619
1 0.552818 0.892063 0.158045 0.205443
1 0.305095 0.171945 0.140803 0.209397
1 0.181451 0.666519 0.153217 0.205836
1 0.969407 0.129501 0.061186 0.235715
2 0.836663 0.884222 0.0691673 0.089239
1 0.593711 0.92648 0.157815 0.147041
1 0.257918 0.631201 0.165497 0.272002
2 0.976814 0.645214 0.0462486 0.0738931
1 0.266872 0.975682 0.144092 0.0486354
1 0.538915 0.0286947 0.144669 0.0573894
1 0.0333205 0.617439 0.0666409 0.167797
1 0.845806 0.974099 0.1785 0.0518023
2 0.032479 0.0657817 0.0577975 0.0657528
1 0.953705 0.505491 0.0925907 0.189415
1 0.0969206 0.0117535 0.130815 0.0235071
1 0.031248 0.0225514 0.0624959 0.0451029
1 0.373672 0.0233237 0.141114 0.0465925
1 0.00651954 0.762793 0.0129847 0.196071
1 0.340046 0.0500405 0.163326 0.100081
