1 0.223853 0.701347 0.20704 0.217618
1 0.510361 0.108132 0.22429 0.216086
1 0.925659 0.05063 0.145962 0.10126
1 0.686016 0.856318 0.231624 0.225823
1 0.865306 0.717808 0.227867 0.213591
1 0.316115 0.263617 0.258938 0.253771
1 0.739093 0.589894 0.166702 0.18661
1 0.701953 0.0481174 0.207366 0.0962347
1 0.052001 0.392043 0.104002 0.228511
1 0.279744 0.0754975 0.229835 0.150938
1 0.0650326 0.960783 0.130065 0.0784337
1 0.717251 0.279893 0.204675 0.249306
1 0.897036 0.217058 0.1942 0.230755
1 0.143655 0.083205 0.197173 0.16641
1 0.890238 0.46848 0.207324 0.247349
1 0.201114 0.901735 0.187618 0.19486
1 0.553247 0.971732 0.234953 0.056533
1 0.0661334 0.8061 0.131525 0.215591
1 0.457009 0.832861 0.235455 0.201393
1 0.953588 0.505975 0.0896546 0.243285
1 0.597614 0.268114 0.157352 0.205755
1 0.952587 0.250438 0.0899694 0.226819
1 0.302082 0.921634 0.231476 0.156733
1 0.922747 0.982727 0.14748 0.0345457
1 0.0381842 0.70657 0.0756866 0.220886
1 0.918866 0.826911 0.157481 0.227759
0 0.517616 0.527211 0.35051 0.443081
1 0.0228093 0.172591 0.0456187 0.228336
1 0.611516 0.777611 0.234515 0.230214
1 0.319315 0.985763 0.206336 0.0284737
1 0.982904 0.795154 0.0304275 0.225464
