1 0.172424 0.477511 0.219499 0.235459
1 0.173324 0.063975 0.236097 0.127866
1 0.195739 0.910013 0.228744 0.179974
1 0.796096 0.900706 0.272895 0.198587
1 0.56938 0.177863 0.21741 0.213057
1 0.724726 0.103155 0.253565 0.20631
1 0.376571 0.100757 0.194408 0.201514
1 0.945158 0.601694 0.106561 0.230068
1 0.076672 0.688842 0.153091 0.252207
1 0.508731 0.823507 0.252344 0.230647
1 0.0991145 0.159993 0.198229 0.225846
1 0.785879 0.516895 0.21086 0.239553
1 0.946246 0.073337 0.104154 0.146674
1 0.946287 0.275887 0.10542 0.229543
1 0.779183 0.316712 0.225273 0.240164
1 0.758777 0.726515 0.307498 0.165955
0 0.495926 0.49757 0.413501 0.449557
1 0.607542 0.0207223 0.222049 0.0414445
1 0.0651638 0.984349 0.130328 0.0312332
1 0.704615 0.985909 0.232383 0.0281823
1 0.350766 0.990263 0.212503 0.0194741
