1 0.419561 0.69193 0.183878 0.204839
1 0.269902 0.85733 0.191715 0.265829
1 0.87611 0.954296 0.177566 0.0913738
1 0.693693 0.760164 0.171359 0.200796
0 0.389384 0.197443 0.427378 0.394886
1 0.0835804 0.283654 0.167093 0.218076
1 0.0784324 0.489891 0.156865 0.187763
1 0.524797 0.510759 0.189198 0.201933
1 0.314876 0.449686 0.203435 0.191604
1 0.516841 0.924925 0.201806 0.150124
1 0.138575 0.948502 0.185669 0.102996
1 0.663338 0.932135 0.201609 0.135703
1 0.968316 0.495087 0.0633331 0.227449
1 0.790307 0.756248 0.169745 0.196563
1 0.137594 0.611873 0.186829 0.203645
1 0.824355 0.215347 0.171608 0.198393
1 0.598923 0.325176 0.15889 0.216511
1 0.867939 0.573116 0.166647 0.187323
1 0.0579517 0.749657 0.115903 0.19885
1 0.838487 0.478322 0.162453 0.179271
1 0.745415 0.242718 0.182343 0.198717
1 0.0767817 0.115446 0.153563 0.187575
1 0.691073 0.0919377 0.161897 0.183875
1 0.969175 0.724308 0.0616509 0.173742
1 0.563817 0.0288321 0.178872 0.0576526
1 0.220424 0.363961 0.181183 0.186661
1 0.914058 0.00954707 0.165627 0.0190536
2 0.586268 0.141834 0.0592377 0.0738768
1 0.979606 0.837838 0.0407524 0.195385
1 0.669293 0.45291 0.158183 0.201993
1 0.986387 0.948741 0.0272267 0.102519
1 0.7012 0.576494 0.14401 0.183086
1 0.0403894 0.903948 0.0807788 0.191717
