1 0.0573851 0.773284 0.114758 0.23285
1 0.551433 0.722307 0.169122 0.197076
1 0.885428 0.182594 0.169981 0.216136
1 0.855924 0.843418 0.14331 0.196505
1 0.383301 0.925439 0.191797 0.149122
1 0.373145 0.157087 0.170893 0.222426
1 0.0684237 0.0729154 0.136847 0.145831
1 0.142032 0.554941 0.181459 0.212893
1 0.0494187 0.267736 0.0988373 0.165309
1 0.630971 0.898704 0.162295 0.201995
1 0.172308 0.391431 0.148593 0.206395
1 0.40104 0.669317 0.149203 0.20705
1 0.960496 0.411204 0.0790074 0.224376
1 0.916051 0.635557 0.142817 0.190194
1 0.279455 0.932272 0.156038 0.135457
1 0.273766 0.625412 0.140083 0.190432
0 0.627918 0.342677 0.407689 0.508853
1 0.978349 0.848485 0.0433025 0.195565
1 0.050673 0.448082 0.101346 0.196239
1 0.280203 0.079645 0.153316 0.15929
1 0.837703 0.485424 0.159444 0.202545
1 0.40681 0.0382322 0.161781 0.0764645
1 0.93946 0.0287088 0.121079 0.0574176
1 0.724844 0.589967 0.174907 0.194339
1 0.119775 0.129384 0.154336 0.210919
1 0.7543 0.868427 0.123009 0.212523
1 0.779302 0.689378 0.162791 0.166108
1 0.0209815 0.550536 0.0419629 0.190668
2 0.982534 0.289882 0.0349318 0.0620486
1 0.861042 0.365446 0.120593 0.130482
1 0.981049 0.188381 0.0379021 0.193927
1 0.547039 0.888519 0.118048 0.165801
1 0.472457 0.509927 0.183527 0.221657
1 0.266207 0.0341996 0.155945 0.068395
1 0.4445 0.484905 0.117005 0.207277
1 0.743559 0.975558 0.170378 0.0488197
1 0.986758 0.189436 0.0264843 0.202488
1 0.755603 0.984164 0.148168 0.0316725
