1 0.448758 0.164537 0.25017 0.205889
1 0.592639 0.909057 0.212605 0.180217
1 0.190951 0.724577 0.201889 0.217937
1 0.690193 0.730985 0.193159 0.207583
1 0.88447 0.631655 0.217711 0.226814
1 0.21792 0.119563 0.207262 0.214965
1 0.762861 0.349291 0.196184 0.207343
1 0.914551 0.893113 0.163021 0.193989
1 0.0775079 0.838154 0.153555 0.205556
1 0.952362 0.131565 0.091796 0.236274
1 0.0439271 0.192104 0.0878543 0.237522
1 0.128409 0.964238 0.226222 0.0715249
0 0.497923 0.503102 0.345787 0.451758
1 0.404094 0.0329236 0.268113 0.065719
1 0.905452 0.382516 0.17862 0.188273
1 0.950259 0.930289 0.0964949 0.139422
1 0.951889 0.439087 0.0936234 0.232566
1 0.759335 0.0481458 0.189341 0.0962534
1 0.0519838 0.572856 0.103006 0.245715
1 0.778822 0.126303 0.229056 0.21012
1 0.163988 0.011189 0.228595 0.0222065
1 0.814618 0.994107 0.223275 0.0116939
