1 0.588195 0.188872 0.176669 0.263094
1 0.177938 0.133623 0.219293 0.267245
1 0.213549 0.565354 0.203718 0.232909
1 0.889692 0.902003 0.212786 0.195994
1 0.379471 0.228377 0.197642 0.246126
1 0.650458 0.742752 0.251118 0.221632
1 0.388484 0.0433254 0.227872 0.0866508
1 0.662674 0.935624 0.230593 0.128752
1 0.14786 0.935185 0.254003 0.12963
0 0.489657 0.507777 0.328674 0.324378
1 0.941345 0.235461 0.11731 0.251217
1 0.801817 0.135571 0.273313 0.237335
1 0.961971 0.719683 0.0760124 0.229352
1 0.0463124 0.617877 0.0925307 0.252768
1 0.968833 0.0346449 0.0623339 0.0692897
1 0.771132 0.0393822 0.312288 0.0787644
1 0.0092024 0.903709 0.018375 0.192582
1 0.992621 0.468979 0.0147457 0.262649
0 0.75149 0.0365745 0.376835 0.0731412
