1 0.880638 0.481344 0.234605 0.249641
1 0.092213 0.258121 0.184413 0.268311
1 0.567652 0.890445 0.24157 0.219071
1 0.233677 0.062818 0.238985 0.125604
1 0.319203 0.932677 0.248494 0.134647
1 0.0923765 0.830889 0.184753 0.214787
1 0.333545 0.210073 0.284148 0.221819
1 0.302328 0.738369 0.26262 0.244919
1 0.153486 0.606439 0.220606 0.25742
1 0.55432 0.0474993 0.232666 0.0949963
0 0.512307 0.492193 0.450595 0.470598
1 0.914355 0.657282 0.171291 0.250779
1 0.0478289 0.95679 0.0955637 0.0864194
1 0.033283 0.0610791 0.066566 0.121766
1 0.970192 0.830136 0.0596166 0.29397
