1 0.844957 0.631932 0.168013 0.207323
1 0.934682 0.907027 0.130637 0.185946
1 0.515278 0.246882 0.179139 0.206075
1 0.105339 0.484228 0.199896 0.224391
1 0.539763 0.870938 0.184887 0.22312
1 0.245285 0.632706 0.142113 0.223731
1 0.739287 0.23439 0.159585 0.211545
1 0.953375 0.688019 0.0932509 0.208431
1 0.341628 0.242861 0.177827 0.2119
1 0.925039 0.473762 0.149922 0.217283
1 0.386229 0.0662763 0.164433 0.132256
0 0.572018 0.545655 0.291667 0.393543
1 0.908197 0.175537 0.182873 0.219282
2 0.200863 0.826783 0.102314 0.137097
1 0.364095 0.441913 0.168562 0.229661
1 0.123407 0.304027 0.175896 0.235298
1 0.203482 0.100932 0.202641 0.201863
1 0.763965 0.83425 0.186814 0.285207
1 0.734283 0.0572301 0.192111 0.114389
1 0.0200468 0.81022 0.039969 0.191511
1 0.0200626 0.158763 0.0400621 0.22861
1 0.620271 0.0877217 0.157946 0.175443
1 0.037979 0.0515364 0.0754877 0.103073
1 0.33433 0.884957 0.188575 0.230087
1 0.0499728 0.980351 0.0999456 0.0390443
1 0.738535 0.9881 0.180169 0.0238002
1 0.563958 0.0522231 0.151034 0.104446
1 0.0466793 0.95765 0.0933586 0.0846767
1 0.0199777 0.947402 0.0399554 0.105196
1 0.274364 0.940568 0.143756 0.118864
