1 0.487072 0.0999586 0.23957 0.199917
1 0.350531 0.272764 0.221898 0.226064
1 0.505336 0.88757 0.223131 0.22486
1 0.278663 0.752323 0.237864 0.228238
1 0.767578 0.308947 0.251884 0.252236
1 0.897466 0.169522 0.205068 0.239884
1 0.239358 0.0759785 0.216915 0.151917
1 0.723633 0.823304 0.244826 0.278121
0 0.530067 0.530154 0.419839 0.433063
1 0.847278 0.672119 0.2229 0.223782
1 0.193768 0.341166 0.187397 0.219893
1 0.0812799 0.443323 0.16256 0.249448
1 0.114889 0.901158 0.229567 0.197598
1 0.0593409 0.0608662 0.118682 0.121732
1 0.964171 0.414451 0.0716571 0.249069
1 0.243192 0.951608 0.21781 0.0967847
1 0.0311788 0.80099 0.0623543 0.239726
1 0.987149 0.942299 0.0256953 0.115401
