1 0.833565 0.910609 0.187031 0.178553
1 0.748033 0.0830518 0.186465 0.165962
1 0.868307 0.249393 0.194623 0.220902
1 0.792092 0.70725 0.211602 0.204621
1 0.563782 0.728338 0.230906 0.201263
1 0.29541 0.819769 0.209171 0.22504
1 0.191062 0.535212 0.206219 0.214022
1 0.426992 0.238709 0.199845 0.212273
1 0.284359 0.40794 0.221637 0.217688
1 0.143921 0.230347 0.218081 0.201055
1 0.955008 0.691454 0.085188 0.227828
0 0.506327 0.50295 0.252302 0.245402
1 0.29194 0.0566827 0.214064 0.11309
1 0.0374755 0.0752238 0.0730071 0.149891
1 0.440175 0.962794 0.184763 0.0744129
1 0.652528 0.967232 0.211837 0.0655353
1 0.149781 0.0191828 0.234969 0.0383656
