1 0.114369 0.756757 0.228738 0.241303
1 0.71488 0.10074 0.218208 0.201462
1 0.146227 0.138713 0.221692 0.231921
1 0.272737 0.328566 0.239918 0.231614
1 0.72598 0.862427 0.207909 0.213594
1 0.595612 0.231806 0.203519 0.214258
1 0.137921 0.549354 0.213139 0.211489
1 0.537057 0.901458 0.210769 0.197084
1 0.903483 0.415367 0.193034 0.278233
1 0.809219 0.546852 0.233235 0.300357
1 0.409276 0.0633635 0.236255 0.126727
1 0.0772545 0.938357 0.154509 0.123287
0 0.5077 0.532572 0.332709 0.36771
1 0.975686 0.0996355 0.0486276 0.19636
1 0.984962 0.280402 0.0300118 0.204704
1 0.926739 0.0191759 0.144636 0.0383518
