1 0.360874 0.929884 0.218026 0.140232
1 0.650173 0.763449 0.220682 0.208949
1 0.492752 0.731506 0.206086 0.217573
1 0.128996 0.0896979 0.227351 0.179396
1 0.904615 0.181629 0.187264 0.195883
1 0.277594 0.733186 0.212761 0.215105
1 0.698997 0.165102 0.213325 0.210902
1 0.875193 0.801507 0.207614 0.231293
1 0.164292 0.294706 0.234563 0.215558
1 0.172974 0.545686 0.214056 0.21136
1 0.905163 0.399807 0.184598 0.236379
1 0.79567 0.612278 0.198075 0.173784
1 0.332725 0.10277 0.161771 0.20554
1 0.0653752 0.788807 0.129947 0.257757
1 0.106626 0.953252 0.208572 0.0934963
1 0.741943 0.524861 0.195423 0.173858
0 0.498011 0.500904 0.25391 0.238354
1 0.0320637 0.403305 0.0641274 0.184874
1 0.965809 0.0621154 0.0649785 0.124231
1 0.877583 0.0118708 0.203292 0.0236232
