1 0.274921 0.88816 0.252223 0.223679
1 0.107381 0.381678 0.214353 0.236672
1 0.172275 0.558115 0.289576 0.25725
1 0.074745 0.811389 0.14949 0.284295
1 0.908059 0.600604 0.183882 0.265792
1 0.928237 0.942245 0.143527 0.115511
0 0.565136 0.514976 0.54186 0.47188
1 0.552987 0.0465408 0.285549 0.0930056
1 0.765161 0.806958 0.284842 0.295437
1 0.195627 0.133082 0.242745 0.23253
1 0.38944 0.279093 0.343496 0.424768
1 0.0699992 0.146887 0.139984 0.238196
1 0.886106 0.113163 0.22362 0.226231
1 0.703185 0.100299 0.225802 0.200597
