1 0.386889 0.929599 0.198474 0.140803
1 0.0849973 0.84872 0.169914 0.22127
1 0.0971859 0.07241 0.172543 0.144788
1 0.1622 0.633244 0.166756 0.194834
1 0.770943 0.544575 0.181687 0.185606
1 0.246758 0.34388 0.17486 0.216881
1 0.926916 0.896844 0.146167 0.206312
1 0.322238 0.737145 0.198983 0.259056
0 0.470728 0.220294 0.382127 0.438978
1 0.048516 0.507989 0.0964327 0.229236
1 0.0594532 0.33437 0.118906 0.243817
1 0.919559 0.470284 0.160682 0.197188
1 0.71319 0.933001 0.190456 0.133991
1 0.817624 0.766299 0.200784 0.23027
1 0.445166 0.511471 0.183097 0.192103
1 0.368663 0.49375 0.17856 0.200248
1 0.844167 0.473577 0.179657 0.193188
1 0.0482465 0.969491 0.0964929 0.0610178
1 0.947581 0.136269 0.104837 0.269006
1 0.712699 0.274004 0.168897 0.207963
1 0.0175745 0.692921 0.0351489 0.191471
1 0.730048 0.139905 0.178342 0.27981
1 0.615212 0.685436 0.159946 0.171578
1 0.673696 0.71188 0.160576 0.169567
1 0.973651 0.559753 0.0526558 0.219709
1 0.0136587 0.0991029 0.0272959 0.193034
1 0.669349 0.897847 0.153963 0.202025
2 0.828182 0.106578 0.0770552 0.0887961
1 0.946344 0.0529985 0.106309 0.105997
