1 0.252306 0.718174 0.229613 0.235546
1 0.103312 0.35866 0.206553 0.232789
1 0.0949143 0.116535 0.189829 0.225887
1 0.898524 0.138561 0.195738 0.191882
1 0.817203 0.905181 0.223686 0.189638
1 0.0796786 0.611124 0.156842 0.202041
1 0.44358 0.19154 0.23237 0.21771
1 0.466496 0.825381 0.243946 0.241185
1 0.493538 0.0446392 0.213499 0.0892784
1 0.90809 0.753361 0.17921 0.22424
1 0.774723 0.40306 0.196391 0.21754
1 0.738267 0.0504747 0.242933 0.100949
1 0.901157 0.35896 0.196487 0.218863
0 0.500609 0.499957 0.368922 0.367589
1 0.933555 0.575867 0.129396 0.203106
1 0.14781 0.993331 0.213548 0.0133232
