1 0.18406 0.0920666 0.17766 0.184133
1 0.925698 0.637644 0.148501 0.225819
1 0.879993 0.419555 0.153579 0.200202
1 0.090904 0.279016 0.181808 0.239845
1 0.7583 0.162893 0.168958 0.264089
1 0.921372 0.246188 0.157256 0.214193
1 0.110326 0.936465 0.175756 0.127062
1 0.337298 0.431257 0.205762 0.218678
1 0.335348 0.942789 0.202527 0.114422
1 0.184746 0.673528 0.184761 0.238167
1 0.783662 0.545108 0.142269 0.21498
1 0.0372344 0.087176 0.0744384 0.174034
0 0.491606 0.751108 0.368555 0.487768
1 0.517315 0.227851 0.153793 0.261556
2 0.138272 0.418424 0.0770608 0.10687
1 0.0389592 0.470971 0.077881 0.192604
1 0.810919 0.939968 0.176981 0.120063
2 0.290755 0.779501 0.0666478 0.0948263
1 0.881886 0.83846 0.200154 0.186767
1 0.609502 0.974589 0.16595 0.0508077
1 0.257992 0.602681 0.151672 0.245485
1 0.966726 0.959302 0.0665472 0.0813953
1 0.613964 0.129682 0.11101 0.242329
2 0.993038 0.762788 0.0138584 0.0820943
1 0.558646 0.00790257 0.1608 0.0157181
