1 0.781289 0.484665 0.230753 0.236105
1 0.863556 0.291905 0.233984 0.225903
1 0.0974864 0.833764 0.193151 0.248035
1 0.203083 0.497961 0.248643 0.246299
1 0.699391 0.680928 0.236843 0.200087
1 0.676273 0.930217 0.234564 0.139539
1 0.0709182 0.209858 0.141836 0.197188
1 0.63899 0.239098 0.222371 0.274548
1 0.390778 0.779213 0.190038 0.222024
1 0.835555 0.815565 0.231814 0.223101
1 0.958161 0.920355 0.0806243 0.15929
0 0.503871 0.503039 0.318189 0.358348
1 0.200845 0.970183 0.241902 0.0596113
1 0.0492212 0.0191113 0.0965571 0.0381707
1 0.980018 0.466052 0.0343376 0.229975
1 0.0170334 0.676941 0.0312441 0.219818
