1 0.0969543 0.469903 0.193909 0.247019
1 0.0771183 0.725787 0.154237 0.282145
1 0.325002 0.0978284 0.202384 0.195657
1 0.256767 0.808454 0.246501 0.273056
1 0.844272 0.150849 0.204536 0.22123
1 0.121523 0.190823 0.243045 0.29322
1 0.650001 0.225202 0.218563 0.264113
1 0.797768 0.465661 0.301463 0.25061
1 0.711116 0.766603 0.262572 0.283363
1 0.526089 0.881989 0.32464 0.236022
1 0.964844 0.245107 0.0703044 0.246477
0 0.43433 0.503563 0.462505 0.490721
1 0.121589 0.938779 0.24312 0.122442
1 0.781188 0.923819 0.223815 0.152361
1 0.602753 0.0230062 0.24716 0.0459921
1 0.977732 0.907321 0.0445363 0.185359
1 0.820537 0.0258603 0.225028 0.0516672
