1 0.139229 0.107992 0.209322 0.213536
1 0.21006 0.329923 0.199798 0.218441
1 0.618146 0.93699 0.21165 0.126019
1 0.188287 0.853904 0.226681 0.257923
1 0.657671 0.118023 0.192181 0.236046
1 0.348963 0.155045 0.212818 0.220345
1 0.0543301 0.788032 0.108129 0.203816
1 0.768586 0.753581 0.210256 0.241814
1 0.0769453 0.939146 0.153418 0.121444
1 0.511222 0.810955 0.215286 0.196402
1 0.882635 0.329564 0.203044 0.214042
1 0.911793 0.0293021 0.172426 0.0586042
1 0.167787 0.592507 0.193431 0.221419
1 0.0698176 0.581407 0.139243 0.205029
1 0.34785 0.763104 0.220676 0.215204
1 0.752318 0.278115 0.241793 0.219473
1 0.286873 0.965922 0.22575 0.0681556
0 0.486653 0.515256 0.456406 0.453632
1 0.465607 0.0228184 0.238511 0.0456367
1 0.97436 0.80948 0.0460651 0.223777
1 0.0159968 0.101811 0.0319935 0.198992
1 0.205884 0.00552627 0.196926 0.0110364
1 0.985878 0.60933 0.0241124 0.208189
