1 0.414966 0.558823 0.163934 0.223796
1 0.29561 0.841761 0.158406 0.190169
1 0.188078 0.637883 0.171841 0.246716
1 0.518314 0.323972 0.156998 0.195645
1 0.924744 0.808774 0.150512 0.197209
1 0.0879752 0.494729 0.17595 0.234389
1 0.664446 0.0701889 0.194215 0.140062
1 0.845606 0.114776 0.175673 0.226716
1 0.0719783 0.778504 0.143957 0.223334
0 0.807896 0.560346 0.291986 0.375553
1 0.54893 0.165323 0.179888 0.2253
1 0.705805 0.273527 0.170757 0.189423
1 0.718605 0.818929 0.179889 0.227943
1 0.968139 0.280992 0.0637221 0.218416
2 0.171504 0.813304 0.0718727 0.0880302
1 0.580912 0.641182 0.173961 0.224606
1 0.584891 0.51344 0.15673 0.198057
1 0.181726 0.941996 0.153145 0.116007
1 0.0491299 0.0497839 0.0982597 0.099535
1 0.0955664 0.907108 0.145455 0.184917
1 0.853541 0.950303 0.157151 0.0993939
1 0.276325 0.439035 0.197499 0.205407
1 0.680194 0.944456 0.17411 0.111088
1 0.0890308 0.258601 0.176939 0.223475
1 0.910863 0.0697353 0.155486 0.139471
1 0.808374 0.904275 0.141762 0.181456
1 0.210446 0.332457 0.143454 0.174641
1 0.027032 0.258522 0.0540452 0.21491
