1 0.716711 0.184717 0.205398 0.261119
1 0.899706 0.447571 0.200589 0.25001
1 0.804855 0.724078 0.247926 0.299662
1 0.240874 0.919061 0.246759 0.161877
1 0.14102 0.502226 0.247596 0.235477
1 0.297394 0.155567 0.263648 0.258244
1 0.071854 0.190568 0.14361 0.240114
1 0.882335 0.0801287 0.232029 0.16003
1 0.0857821 0.806377 0.171564 0.234579
1 0.166977 0.0405014 0.246498 0.0809251
1 0.936528 0.901931 0.126944 0.196139
1 0.538466 0.916364 0.267072 0.167271
1 0.438319 0.0509186 0.303691 0.101504
1 0.920978 0.190549 0.158003 0.260102
1 0.964969 0.669203 0.0700616 0.26647
1 0.41572 0.8093 0.349605 0.232094
1 0.0590519 0.948786 0.118084 0.102427
1 0.862519 0.929426 0.233424 0.141139
0 0.518325 0.499457 0.486818 0.46272
1 0.671367 0.984026 0.268432 0.0319475
