1 0.796564 0.883696 0.176784 0.22294
1 0.599728 0.558943 0.14898 0.209939
1 0.35694 0.826342 0.188073 0.22527
1 0.204914 0.347235 0.175736 0.244897
1 0.785027 0.64953 0.1951 0.228876
1 0.536549 0.752753 0.195781 0.200967
1 0.622968 0.1102 0.155173 0.189048
1 0.819844 0.0700711 0.162201 0.140142
1 0.128778 0.888167 0.184655 0.222465
1 0.0761277 0.657097 0.152255 0.239045
1 0.728984 0.262125 0.206831 0.210772
1 0.405271 0.601946 0.159289 0.180663
1 0.941831 0.818125 0.116283 0.270279
1 0.555365 0.960457 0.164702 0.0790859
0 0.451415 0.328818 0.328249 0.440359
1 0.435983 0.0355523 0.177593 0.0711046
1 0.0370977 0.208985 0.0741315 0.230506
1 0.226636 0.0331264 0.176676 0.0662528
1 0.87318 0.413335 0.171094 0.232378
1 0.327938 0.127722 0.165811 0.208014
1 0.38745 0.969733 0.17236 0.0605342
1 0.186508 0.939382 0.15912 0.121236
1 0.946611 0.0275051 0.106778 0.0549811
1 0.988717 0.154773 0.0225376 0.244177
1 0.852204 0.514775 0.148326 0.216049
1 0.0532903 0.0447338 0.106581 0.0894676
1 0.0247928 0.972163 0.0495857 0.0556747
