1 0.817872 0.0654081 0.197713 0.130816
1 0.605814 0.356705 0.217735 0.242659
1 0.934949 0.900845 0.129929 0.19831
1 0.0897118 0.480541 0.179424 0.233065
1 0.947286 0.285101 0.105428 0.217269
1 0.35429 0.0605983 0.176147 0.121153
1 0.617785 0.110459 0.226388 0.210665
1 0.429666 0.203919 0.20846 0.265723
1 0.781685 0.403901 0.185378 0.23342
1 0.266343 0.463212 0.191126 0.21013
0 0.497156 0.660159 0.411204 0.507012
1 0.716426 0.864066 0.221682 0.271062
1 0.179044 0.0942876 0.207873 0.188575
1 0.0201122 0.328484 0.0402244 0.207621
1 0.0520235 0.0512021 0.104016 0.102404
1 0.796215 0.565783 0.152477 0.175943
1 0.0611952 0.702996 0.12239 0.247792
1 0.927318 0.544252 0.145155 0.262075
1 0.358976 0.980941 0.245902 0.0380251
1 0.957712 0.089447 0.084577 0.178752
1 0.957007 0.0499787 0.085985 0.0999574
1 0.212766 0.651523 0.178784 0.188741
1 0.15933 0.78364 0.174771 0.187904
1 0.219356 0.688899 0.187296 0.227183
1 0.581497 0.987201 0.205249 0.0255425
1 0.524111 0.0100727 0.188482 0.020086
