1 0.121238 0.493745 0.223755 0.243586
1 0.791741 0.601115 0.194875 0.271187
1 0.197594 0.747951 0.22761 0.228907
1 0.886659 0.124565 0.226448 0.248993
1 0.0624161 0.0594231 0.12468 0.118744
1 0.403659 0.852145 0.181724 0.230065
1 0.247704 0.105679 0.255595 0.211348
1 0.756666 0.0645518 0.196613 0.129012
1 0.914251 0.454711 0.171482 0.232539
1 0.550784 0.0676475 0.214077 0.135283
1 0.14457 0.257519 0.244631 0.236725
1 0.942476 0.282135 0.114903 0.230899
0 0.501544 0.474894 0.436707 0.463987
1 0.601059 0.786745 0.24942 0.212779
1 0.528541 0.183342 0.299525 0.242919
1 0.0463613 0.892432 0.0927225 0.191455
1 0.0196635 0.428766 0.0393098 0.222212
1 0.0234394 0.672355 0.0468789 0.267114
1 0.0158793 0.669884 0.0317586 0.275813
1 0.355118 0.00842722 0.278499 0.0167542
