1 0.234707 0.890494 0.224286 0.219011
1 0.918308 0.93806 0.16061 0.123879
1 0.863651 0.542411 0.238682 0.228577
1 0.444726 0.82663 0.20562 0.222594
1 0.771967 0.365145 0.199663 0.176457
1 0.216688 0.649738 0.19188 0.208496
1 0.655734 0.758881 0.222202 0.218217
1 0.326687 0.274953 0.233336 0.224394
1 0.756486 0.160843 0.253069 0.230226
1 0.11228 0.399088 0.224015 0.251957
1 0.919866 0.75138 0.157682 0.233577
1 0.0606837 0.0796416 0.121367 0.159283
1 0.0584809 0.636542 0.11612 0.23083
0 0.501028 0.501086 0.370011 0.370557
1 0.678135 0.0288934 0.252572 0.0577868
1 0.402391 0.97738 0.236115 0.0452408
1 0.022998 0.891206 0.0459959 0.212236
1 0.977021 0.457753 0.0422102 0.21455
1 0.982982 0.123411 0.028699 0.226413
1 0.198064 0.0084608 0.239669 0.0168551
1 0.921301 0.00775855 0.15427 0.0154427
