1 0.181576 0.250628 0.261104 0.194312
1 0.0746157 0.896859 0.149231 0.205057
1 0.557233 0.764422 0.191736 0.195394
1 0.268861 0.873694 0.231066 0.232028
1 0.755664 0.332248 0.2242 0.213613
1 0.156803 0.687571 0.196923 0.239868
1 0.372003 0.0658045 0.220732 0.131609
1 0.15055 0.0598063 0.213368 0.119613
1 0.75888 0.895639 0.20325 0.208535
0 0.499889 0.502964 0.351409 0.314536
1 0.0523264 0.406595 0.104653 0.205634
1 0.867543 0.0911651 0.190435 0.18233
1 0.0333584 0.0932121 0.0667168 0.186206
2 0.381652 0.342618 0.0899571 0.0736696
