1 0.906288 0.879498 0.187086 0.240573
1 0.91618 0.58292 0.16764 0.269743
1 0.785227 0.260865 0.313489 0.344223
1 0.190501 0.607839 0.24111 0.255074
1 0.646896 0.0852802 0.271392 0.17056
1 0.674177 0.922474 0.338571 0.155053
0 0.536403 0.504739 0.531525 0.488284
1 0.169906 0.269094 0.203704 0.243663
1 0.0503445 0.433337 0.100689 0.297171
1 0.0524089 0.27646 0.104818 0.25418
1 0.0425142 0.0550872 0.0850205 0.110174
1 0.27566 0.97193 0.297086 0.0561399
1 0.471667 0.856978 0.310822 0.284119
1 0.885544 0.0993907 0.228912 0.198593
