1 0.4634 0.14698 0.236659 0.212716
1 0.246369 0.0795763 0.222773 0.159153
1 0.289832 0.243339 0.248854 0.193648
1 0.877737 0.0979629 0.244527 0.176079
1 0.555241 0.772861 0.252073 0.197866
1 0.0765378 0.101795 0.143964 0.160954
1 0.0766345 0.250502 0.144003 0.163431
0 0.84179 0.567568 0.316302 0.385313
1 0.10116 0.489016 0.194202 0.199904
1 0.31704 0.549729 0.214798 0.18218
2 0.525456 0.887309 0.0863066 0.0779927
1 0.44815 0.517049 0.206866 0.184065
1 0.486043 0.347614 0.211978 0.171394
1 0.897928 0.903611 0.204143 0.173703
1 0.0604296 0.951445 0.115455 0.09711
1 0.170715 0.409577 0.251988 0.150784
1 0.820125 0.768728 0.234198 0.123032
1 0.727356 0.97763 0.244893 0.0447409
1 0.912568 0.283111 0.174863 0.200495
1 0.868289 0.28466 0.26319 0.199062
1 0.0966593 0.810321 0.185459 0.24148
2 0.173909 0.984324 0.0892995 0.0313517
1 0.848651 0.900018 0.302698 0.151366
1 0.980197 0.049931 0.039531 0.099862
