1 0.82196 0.897292 0.264266 0.205416
1 0.125241 0.30582 0.245959 0.273996
1 0.341446 0.181277 0.226177 0.244693
1 0.721007 0.0945086 0.225073 0.189017
1 0.258023 0.710306 0.269118 0.199849
1 0.572951 0.90973 0.230214 0.18054
1 0.0480094 0.793519 0.0960188 0.252292
1 0.778362 0.722518 0.221623 0.178063
1 0.0990337 0.0321019 0.198067 0.0641769
1 0.870401 0.516437 0.254346 0.262663
1 0.0394292 0.499754 0.0785683 0.233586
0 0.504201 0.501892 0.394905 0.446434
1 0.370935 0.860044 0.263429 0.244961
1 0.134355 0.972449 0.263386 0.0551029
1 0.917917 0.269395 0.160996 0.227925
1 0.80238 0.229016 0.246125 0.246393
1 0.940908 0.0393176 0.114983 0.0784378
1 0.641419 0.988551 0.244223 0.0228973
1 0.0318317 0.260928 0.0636635 0.248004
1 0.281278 0.849111 0.13046 0.227591
1 0.937881 0.0284244 0.110223 0.0565796
1 0.91487 0.523551 0.167377 0.248368
