1 0.609604 0.817669 0.23088 0.189693
1 0.318653 0.0797759 0.182462 0.158983
1 0.0949846 0.266264 0.189969 0.207795
1 0.896673 0.159854 0.204081 0.194941
1 0.814697 0.680771 0.193291 0.242027
1 0.107851 0.066118 0.215701 0.132236
1 0.198847 0.733402 0.214761 0.204251
1 0.507852 0.0505706 0.175784 0.101141
1 0.376947 0.830906 0.202789 0.201269
1 0.385145 0.24278 0.234163 0.161913
1 0.955894 0.637323 0.0834918 0.219749
1 0.924731 0.368379 0.145861 0.215868
0 0.527397 0.508758 0.402931 0.424375
1 0.397203 0.973323 0.25511 0.0533531
1 0.910934 0.97776 0.17059 0.0444805
1 0.654584 0.982945 0.21911 0.0341096
1 0.901645 0.0196541 0.193781 0.0393082
1 0.722673 0.0122616 0.190928 0.0244258
2 0.771279 0.0464091 0.0400297 0.0400679
