1 0.161309 0.180732 0.216197 0.217915
1 0.628661 0.762646 0.20459 0.216729
1 0.898033 0.487534 0.20345 0.251994
1 0.143177 0.483651 0.210258 0.232682
1 0.904691 0.865486 0.187809 0.212221
1 0.737175 0.944837 0.217605 0.110326
1 0.85925 0.224709 0.206788 0.199856
1 0.624359 0.188018 0.221337 0.223651
1 0.473386 0.043763 0.214594 0.0875261
1 0.0547101 0.830254 0.10942 0.179488
0 0.500879 0.50604 0.314784 0.350951
1 0.119461 0.0146982 0.234314 0.0293241
1 0.977067 0.341713 0.0410155 0.228391
1 0.980123 0.133991 0.0356327 0.181681
