1 0.649065 0.817267 0.193713 0.211203
1 0.940337 0.955359 0.119173 0.0892823
1 0.904722 0.547091 0.183141 0.212445
1 0.294292 0.0724327 0.179575 0.144427
1 0.786932 0.913076 0.188228 0.173848
1 0.248479 0.329798 0.16594 0.218029
1 0.328489 0.859717 0.166655 0.193018
1 0.789394 0.709851 0.161353 0.209761
1 0.91016 0.785869 0.161095 0.211009
1 0.723722 0.11926 0.197493 0.218923
1 0.483085 0.929113 0.178506 0.141774
0 0.580486 0.518176 0.329742 0.424388
1 0.419502 0.199008 0.20161 0.21605
1 0.236589 0.576071 0.176555 0.239141
1 0.0549519 0.903924 0.10987 0.192152
1 0.185856 0.806704 0.167863 0.229137
1 0.369982 0.494823 0.138588 0.207428
1 0.0875401 0.474855 0.174989 0.209677
1 0.981692 0.421866 0.0366104 0.212717
1 0.0343112 0.453053 0.0686223 0.185393
1 0.0266458 0.702973 0.0532611 0.196872
1 0.0978878 0.110537 0.155698 0.186712
2 0.308615 0.644543 0.0742198 0.0813175
1 0.103609 0.606989 0.148039 0.185151
1 0.0216861 0.15318 0.0433643 0.204584
1 0.125922 0.218628 0.180369 0.203925
1 0.424132 0.0262716 0.180705 0.0525379
1 0.924401 0.117388 0.151198 0.209331
1 0.801112 0.161898 0.151489 0.206061
1 0.427094 0.961081 0.159017 0.0778372
