1 0.838243 0.382801 0.23543 0.252627
1 0.911285 0.658269 0.17743 0.246057
1 0.144184 0.869747 0.236843 0.232734
1 0.2453 0.655549 0.246065 0.259124
1 0.430124 0.8417 0.227274 0.2671
1 0.654964 0.780796 0.228322 0.205398
1 0.24588 0.34224 0.252509 0.278631
1 0.628612 0.108373 0.209793 0.213346
1 0.0858689 0.50778 0.171738 0.236793
1 0.725004 0.933577 0.270219 0.132847
1 0.206242 0.0714882 0.248209 0.142976
1 0.946455 0.22777 0.107052 0.227262
0 0.532836 0.496326 0.391136 0.41737
1 0.922264 0.0283512 0.155343 0.0563645
1 0.974628 0.902144 0.0507437 0.195455
1 0.410136 0.0234968 0.212872 0.0469697
1 0.0178113 0.728532 0.0356226 0.264145
1 0.377895 0.985564 0.237684 0.0288721
