1 0.600881 0.169846 0.223695 0.233967
1 0.502284 0.923522 0.221718 0.152938
1 0.0981754 0.735921 0.196351 0.208234
1 0.199988 0.916271 0.242192 0.167458
1 0.311321 0.329405 0.208345 0.23827
1 0.179294 0.160826 0.207835 0.226773
1 0.311401 0.714688 0.211453 0.201112
1 0.172353 0.506076 0.219019 0.228117
1 0.905311 0.830014 0.189272 0.219269
1 0.923788 0.275724 0.152424 0.247348
0 0.513882 0.500502 0.416095 0.442152
1 0.762754 0.0327576 0.237067 0.0655109
1 0.0361327 0.080016 0.0720961 0.159869
1 0.0211986 0.539117 0.0423971 0.232591
1 0.94726 0.0220491 0.105481 0.0440635
1 0.415338 0.0238064 0.313512 0.0473688
1 0.479732 0.0259431 0.165432 0.0518535
1 0.359735 0.0226629 0.226339 0.0452014
