1 0.376143 0.886204 0.172016 0.216313
1 0.563932 0.771658 0.185059 0.214122
1 0.929461 0.0644566 0.141049 0.128913
1 0.931728 0.721847 0.136487 0.205854
1 0.338088 0.353765 0.156668 0.19515
1 0.0860235 0.816593 0.160048 0.201832
1 0.256049 0.451667 0.158147 0.215832
1 0.749095 0.65294 0.159106 0.194625
1 0.583961 0.112926 0.169478 0.207259
1 0.116477 0.629853 0.170035 0.222861
1 0.948084 0.957907 0.103833 0.0841853
1 0.221065 0.166391 0.183885 0.226027
1 0.0608865 0.0620476 0.121773 0.124095
1 0.915799 0.223581 0.168401 0.22777
1 0.218122 0.773622 0.152671 0.189333
1 0.753277 0.859171 0.157823 0.18728
0 0.584394 0.470972 0.317803 0.439319
1 0.0732905 0.431886 0.146581 0.195919
1 0.0308015 0.290131 0.061603 0.187579
1 0.976192 0.474435 0.0476154 0.205363
1 0.725386 0.0950849 0.154047 0.19017
1 0.776601 0.969531 0.163471 0.060938
1 0.304424 0.656101 0.204337 0.234731
1 0.84058 0.870196 0.119358 0.153235
1 0.157168 0.944899 0.153941 0.110203
2 0.114382 0.130029 0.051886 0.0692192
1 0.0712708 0.958213 0.138193 0.0835168
1 0.308194 0.0371252 0.169271 0.0742503
1 0.431506 0.256244 0.152665 0.179882
1 0.572568 0.0147231 0.147313 0.0294339
1 0.796451 0.0616742 0.150878 0.122268
1 0.474216 0.0101163 0.157164 0.0201652
