1 0.811867 0.323517 0.230732 0.228726
1 0.326913 0.115748 0.229158 0.21772
1 0.0664681 0.533973 0.132296 0.213056
1 0.8089 0.800023 0.271669 0.229358
1 0.672262 0.0557413 0.211423 0.111361
1 0.404669 0.215127 0.187859 0.200458
1 0.818277 0.645765 0.22847 0.190835
0 0.500567 0.528235 0.362048 0.364609
1 0.958898 0.943684 0.0787499 0.112258
1 0.55479 0.831825 0.197212 0.236391
1 0.270071 0.365131 0.157685 0.234839
1 0.164873 0.386555 0.181541 0.202715
1 0.449516 0.864062 0.152718 0.219814
1 0.823579 0.986008 0.217919 0.0279829
1 0.974358 0.0317179 0.046884 0.0628088
1 0.813712 0.00662135 0.214691 0.0132184
