1 0.340273 0.936631 0.201189 0.126738
1 0.906331 0.909343 0.18296 0.181314
1 0.895218 0.263475 0.205476 0.240093
1 0.709138 0.895824 0.219742 0.208352
1 0.2089 0.172391 0.212491 0.230852
1 0.910469 0.582317 0.174807 0.209294
1 0.0633077 0.682996 0.126059 0.201681
1 0.134619 0.947807 0.203204 0.104379
1 0.428695 0.80397 0.230979 0.204433
1 0.0507339 0.190726 0.100667 0.209617
1 0.0422963 0.395938 0.0845926 0.21488
0 0.506781 0.500029 0.387691 0.399839
1 0.153426 0.029494 0.216414 0.0589622
2 0.305556 0.690718 0.0873548 0.0742963
1 0.168035 0.46965 0.198992 0.188643
2 0.328526 0.0326472 0.0789371 0.064688
1 0.420548 0.186909 0.201412 0.181926
1 0.457046 0.0941927 0.154805 0.161192
1 0.755876 0.0213472 0.205392 0.0426945
1 0.196686 0.582522 0.189616 0.194448
1 0.975577 0.122718 0.0435334 0.205129
1 0.567956 0.985022 0.212195 0.0299568
1 0.542578 0.0133589 0.235908 0.0265561
